# name: debug
# type: sparse matrix
# nnz: 4464
# rows: 72
# columns: 72

1 1 121366.95
2 1 -2156.30726
3 1 -42688.2692
4 1 1183.00154
5 1 1077654.84
6 1 70585.9689
7 1 -8924.63023
8 1 71.2528644
9 1 3673.3232
10 1 1501.12237
11 1 -111470.263
12 1 -4539.85596
13 1 -1992.08209
14 1 -51.7916871
15 1 134.952133
16 1 313.742839
17 1 -33410.1124
18 1 -3326.48241
19 1 -2640.46292
20 1 -56.2642137
21 1 750.876096
22 1 -832.584097
23 1 -38639.2663
24 1 -3743.59621
25 1 -809.999764
26 1 -43.5585511
27 1 193.541902
28 1 587.517997
29 1 -10514.1331
30 1 364.631655
31 1 -1458.74597
32 1 -115.866471
33 1 737.913699
34 1 1400.05098
35 1 -17671.8943
36 1 398.127175
37 1 -648.698222
38 1 -50.943671
39 1 566.109074
40 1 627.822088
41 1 -7267.47352
42 1 89.9721851
1 2 -2156.30726
2 2 76503.0014
3 2 2161.79953
4 2 -1020280.55
5 2 -1130.43775
6 2 142705.59
7 2 456.954034
8 2 -9831.554
9 2 149.155716
10 2 100837.669
11 2 1658.0167
12 2 -26692.2398
13 2 18.0093096
14 2 -2012.10573
15 2 -158.499296
16 2 33574.79
17 2 673.900487
18 2 -2246.67451
19 2 51.6724902
20 2 -2577.33775
21 2 -211.696911
22 2 35111.7753
23 2 1824.94342
24 2 -9136.9506
25 2 34.5244615
26 2 -819.076946
27 2 37.9385388
28 2 9900.05236
29 2 359.908503
30 2 -2467.44999
31 2 104.494066
32 2 -1317.33991
33 2 45.0779314
34 2 12455.5087
35 2 875.171857
36 2 -6400.37565
37 2 96.7549203
38 2 -608.898263
39 2 -19.9403691
40 2 3876.19238
41 2 678.860162
42 2 -3299.43185
1 3 -42688.2692
2 3 2161.79953
3 3 3923.17438
4 3 -76686.7285
5 3 -136232.763
6 3 -51.2919082
7 3 468.561778
8 3 -2.42855386
9 3 -1043.43555
10 3 5433.07442
11 3 -961.121791
12 3 -1042.99223
13 3 -662.348505
14 3 -123.897448
15 3 -14.0316835
16 3 2393.6247
17 3 -11233.2331
18 3 -1279.28639
19 3 -852.385943
20 3 -125.107912
21 3 157.2593
22 3 1810.86367
23 3 -12413.4673
24 3 -1743.68766
25 3 -420.885326
26 3 10.4191999
27 3 91.7119273
28 3 -49.1364378
29 3 -5384.46748
30 3 274.021573
31 3 -757.010391
32 3 -8.25929474
33 3 362.293274
34 3 303.155454
35 3 -8916.293
36 3 433.263611
37 3 -368.40315
38 3 -8.51678249
39 3 319.083463
40 3 248.039058
41 3 -4150.88889
42 3 143.937418
1 4 1183.00154
2 4 -1020280.55
3 4 -76686.7285
4 4 15887104.4
5 4 -34179.6643
6 4 789456.335
7 4 -3397.743
8 4 144534.474
9 4 5081.35288
10 4 -1849100.74
11 4 -14076.2865
12 4 312701.987
13 4 524.261841
14 4 46002.7329
15 4 4195.06156
16 4 -803806.475
17 4 2005.06183
18 4 58667.8125
19 4 -142.748737
20 4 57203.6621
21 4 5350.06796
22 4 -821919.857
23 4 -26968.7815
24 4 217596.058
25 4 -1089.45424
26 4 17549.7557
27 4 -653.285838
28 4 -225872.549
29 4 -12372.805
30 4 58789.0712
31 4 -2825.63663
32 4 28101.0514
33 4 -518.829802
34 4 -281428.259
35 4 -26517.2123
36 4 147857.261
37 4 -2187.53397
38 4 12624.6573
39 4 637.352603
40 4 -98223.3671
41 4 -17876.1185
42 4 79788.0019
1 5 1077654.84
2 5 -1130.43775
3 5 -136232.763
4 5 -34179.6643
5 5 19161131.2
6 5 1506380.7
7 5 -141259.5
8 5 -1227.47212
9 5 41689.2846
10 5 32281.3638
11 5 -2101790.87
12 5 -163842.493
13 5 -50585.583
14 5 -2024.31646
15 5 2866.39014
16 5 24739.1505
17 5 -891822.18
18 5 -97114.3461
19 5 -64848.8329
20 5 -1873.17696
21 5 17509.9075
22 5 -11051.0153
23 5 -1002778.76
24 5 -110058.875
25 5 -22019.6075
26 5 -807.721169
27 5 5324.0001
28 5 12316.7263
29 5 -307401.738
30 5 8999.78121
31 5 -39416.8113
32 5 -2488.78082
33 5 20057.3631
34 5 32333.1994
35 5 -508306.593
36 5 10424.7103
37 5 -17970.1873
38 5 -1154.92772
39 5 15431.8497
40 5 16729.7624
41 5 -245413.296
42 5 1492.99154
1 6 70585.9689
2 6 142705.59
3 6 -51.2919082
4 6 789456.335
5 6 1506380.7
6 6 2626550.37
7 6 -4540.19955
8 6 -2116.09167
9 6 982.100868
10 6 -159832.186
11 6 -143078.242
12 6 -158613.774
13 6 -3103.72214
14 6 14931.5977
15 6 1623.48452
16 6 -267831.228
17 6 -65252.0973
18 6 -6581.41243
19 6 -3433.3779
20 6 18400.0842
21 6 2699.2119
22 6 -278432.849
23 6 -72773.6256
24 6 41847.4674
25 6 281.275074
26 6 9010.75946
27 6 -525.372699
28 6 -116581.574
29 6 2974.4444
30 6 27391.4107
31 6 48.667545
32 6 14435.4598
33 6 -987.61837
34 6 -145664.08
35 6 1507.39934
36 6 70985.2151
37 6 -680.929493
38 6 7161.46128
39 6 -124.819949
40 6 -56986.6265
41 6 -5218.2091
42 6 45535.1318
1 7 -8924.63023
2 7 456.954034
3 7 468.561778
4 7 -3397.743
5 7 -141259.5
6 7 -4540.19955
7 7 70372.8679
8 7 179.805436
9 7 -16946.3736
10 7 11511.5009
11 7 1126166.38
12 7 63379.3928
13 7 -4346.71866
14 7 -20.428382
15 7 296.104523
16 7 -1406.57945
17 7 -74489.1117
18 7 -7513.11197
19 7 -4804.98935
20 7 -29.9481399
21 7 1124.69242
22 7 -1638.11451
23 7 -67644.0169
24 7 -4297.55242
25 7 -3223.46594
26 7 -75.0562977
27 7 1072.1151
28 7 1101.94879
29 7 -37665.1732
30 7 1400.75034
31 7 -3541.77119
32 7 -175.739561
33 7 1841.40792
34 7 3088.38874
35 7 -40731.9693
36 7 2412.89419
37 7 -680.240314
38 7 -22.6609182
39 7 591.140374
40 7 478.09657
41 7 -7439.62898
42 7 253.360054
1 8 71.2528644
2 8 -9831.554
3 8 -2.42855386
4 8 144534.474
5 8 -1227.47212
6 8 -2116.09167
7 8 179.805436
8 8 79031.1323
9 8 2161.41164
10 8 -1048233.58
11 8 -11531.8867
12 8 196555.944
13 8 33.5363427
14 8 -4473.48793
15 8 -358.63408
16 8 76256.7008
17 8 2075.79822
18 8 -5723.51188
19 8 81.1341078
20 8 -4862.94302
21 8 -230.292184
22 8 64718.6222
23 8 2647.93874
24 8 -13943.123
25 8 136.748323
26 8 -3236.64105
27 8 167.273978
28 8 34322.4052
29 8 943.211092
30 8 -10841.3223
31 8 252.295319
32 8 -3350.42434
33 8 226.283563
34 8 30222.4468
35 8 1333.48348
36 8 -15907.7792
37 8 98.5656014
38 8 -787.444934
39 8 -1.99508836
40 8 4831.86869
41 8 584.63416
42 8 -4129.79159
1 9 3673.3232
2 9 149.155716
3 9 -1043.43555
4 9 5081.35288
5 9 41689.2846
6 9 982.100868
7 9 -16946.3736
8 9 2161.41164
9 9 19518.9129
10 9 -70807.7162
11 9 -222326.643
12 9 20.3858387
13 9 -736.523193
14 9 -300.585571
15 9 -132.6821
16 9 6635.41493
17 9 -11800.3746
18 9 -1731.98437
19 9 -937.805086
20 9 -137.39607
21 9 43.3507009
22 9 2788.597
23 9 -12819.8918
24 9 -1460.63979
25 9 -1058.15331
26 9 95.6667514
27 9 299.131589
28 9 -526.151
29 9 -12334.0528
30 9 751.355331
31 9 -1312.18345
32 9 111.446314
33 9 635.412432
34 9 -347.643667
35 9 -14563.4726
36 9 1671.95867
37 9 -292.57287
38 9 13.1898152
39 9 251.87875
40 9 88.5941746
41 9 -3153.03689
42 9 213.077898
1 10 1501.12237
2 10 100837.669
3 10 5433.07442
4 10 -1849100.74
5 10 32281.3638
6 10 -159832.186
7 10 11511.5009
8 10 -1048233.58
9 10 -70807.7162
10 10 17375529
11 10 542241.377
12 10 -1534854.46
13 10 -214.22685
14 10 89904.0027
15 10 9213.01047
16 10 -1617364.65
17 10 -36352.001
18 10 140778.839
19 10 -1124.71768
20 10 89814.8023
21 10 5937.22827
22 10 -1272295.45
23 10 -47201.0155
24 10 276601.96
25 10 -2883.51983
26 10 57970.9364
27 10 -2256.42721
28 10 -654391.196
29 10 -22998.9979
30 10 207399.388
31 10 -5844.16689
32 10 61844.4257
33 10 -3318.05863
34 10 -575841.427
35 10 -39019.8802
36 10 308352.492
37 10 -1879.28453
38 10 14303.446
39 10 188.261264
40 10 -107125.579
41 10 -12996.1682
42 10 87280.6917
1 11 -111470.263
2 11 1658.0167
3 11 -961.121791
4 11 -14076.2865
5 11 -2101790.87
6 11 -143078.242
7 11 1126166.38
8 11 -11531.8867
9 11 -222326.643
10 11 542241.377
11 11 21523175.1
12 11 1301982
13 11 -89568.7849
14 11 -569.781019
15 11 6179.31
16 11 -24979.1939
17 11 -1611156.32
18 11 -185479.771
19 11 -92525.74
20 11 -423.900209
21 11 20619.5631
22 11 -33589.6125
23 11 -1380262.8
24 11 -108057.677
25 11 -63919.0333
26 11 -719.05656
27 11 20499.3643
28 11 12577.3118
29 11 -792417.683
30 11 19855.9789
31 11 -74002.7178
32 11 -2427.04602
33 11 38597.9619
34 11 53149.1116
35 11 -879953.949
36 11 52516.2051
37 11 -14842.3123
38 11 -329.751356
39 11 12699.2532
40 11 9868.51746
41 11 -198444.995
42 11 4666.82387
1 12 -4539.85596
2 12 -26692.2398
3 12 -1042.99223
4 12 312701.987
5 12 -163842.493
6 12 -158613.774
7 12 63379.3928
8 12 196555.944
9 12 20.3858387
10 12 -1534854.46
11 12 1301982
12 12 3189181.68
13 12 -7469.3024
14 12 14009.2964
15 12 1978.66111
16 12 -248090.162
17 12 -162557.424
18 12 -49471.1112
19 12 -4003.01208
20 12 17362.9327
21 12 1987.51128
22 12 -260662.313
23 12 -86523.7106
24 12 6204.74717
25 12 991.0601
26 12 18902.3877
27 12 -1346.15289
28 12 -218840.105
29 12 4259.74158
30 12 56486.7286
31 12 1652.94704
32 12 22447.9124
33 12 -3165.07202
34 12 -209497.088
35 12 25466.78
36 12 101796.487
37 12 -414.130364
38 12 6081.94917
39 12 -263.233703
40 12 -44834.1244
41 12 -2587.83197
42 12 36278.9003
1 13 -1992.08209
2 13 18.0093096
3 13 -662.348505
4 13 524.261841
5 13 -50585.583
6 13 -3103.72214
7 13 -4346.71866
8 13 33.5363427
9 13 -736.523193
10 13 -214.22685
11 13 -89568.7849
12 13 -7469.3024
13 13 63373.7905
14 13 -385.329514
15 13 -12826.9796
16 13 10758.8153
17 13 985468.14
18 13 57925.981
19 13 -8425.79018
20 13 73.637426
21 13 1785.91769
22 13 -3859.864
23 13 -116184.253
24 13 -8629.93905
25 13 -4861.12426
26 13 -23.2696276
27 13 1674.48991
28 13 684.73083
29 13 -58334.7825
30 13 2008.60183
31 13 -5447.3745
32 13 -120.443272
33 13 3024.05211
34 13 2653.24074
35 13 -67043.0436
36 13 3040.23315
37 13 -755.686124
38 13 4.79006032
39 13 644.980095
40 13 354.983996
41 13 -8522.88167
42 13 365.356916
43 13 -15.6415323
44 13 -0.296223921
45 13 3.50035541
46 13 -4.19909466
47 13 -645.685392
48 13 -73.406184
49 13 -18.3856738
50 13 -0.167811909
51 13 4.21616759
52 13 -13.5624554
53 13 -701.74792
54 13 -87.0735168
55 13 -21.7788838
56 13 0.0437009604
57 13 4.48505865
58 13 -22.294923
59 13 -753.901356
60 13 -100.915586
61 13 -27.5458317
62 13 0.216097866
63 13 4.89184951
64 13 -29.9511426
65 13 -835.927623
66 13 -131.726652
67 13 -36.7944127
68 13 0.868039739
69 13 9.91930564
70 13 -63.04477
71 13 -1012.19107
72 13 -145.279646
1 14 -51.7916871
2 14 -2012.10573
3 14 -123.897448
4 14 46002.7329
5 14 -2024.31646
6 14 14931.5977
7 14 -20.428382
8 14 -4473.48793
9 14 -300.585571
10 14 89904.0027
11 14 -569.781019
12 14 14009.2964
13 14 -385.329514
14 14 68905.1525
15 14 1960.6573
16 14 -942693.911
17 14 -10726.651
18 14 160000.731
19 14 62.830894
20 14 -8603.42171
21 14 -556.398931
22 14 113357.839
23 14 3482.62564
24 14 -21379.9535
25 14 91.5481738
26 14 -5107.48099
27 14 263.686691
28 14 55066.4577
29 14 323.225986
30 14 -18126.3878
31 14 209.804158
32 14 -5511.22813
33 14 337.90725
34 14 51163.0598
35 14 700.437431
36 14 -28671.6087
37 14 97.6447073
38 14 -1024.78764
39 14 22.0354075
40 14 6557.21815
41 14 444.216071
42 14 -5260.2807
43 14 -0.330652356
44 14 -13.6853991
45 14 -1.50124981
46 14 544.536113
47 14 0.337148092
48 14 -123.008279
49 14 -0.527560539
50 14 -16.0825597
51 14 -1.94558232
52 14 592.091694
53 14 -2.86829167
54 14 -136.840646
55 14 -0.910011939
56 14 -19.1554522
57 14 -2.49345757
58 14 647.734216
59 14 -13.1915167
60 14 -135.055998
61 14 -1.38637635
62 14 -24.4261367
63 14 -3.75897996
64 14 736.879792
65 14 -21.2938837
66 14 -133.40465
67 14 -2.14098106
68 14 -31.9465966
69 14 -4.54510725
70 14 838.743123
71 14 -23.9459844
72 14 -226.780223
1 15 134.952133
2 15 -158.499296
3 15 -14.0316835
4 15 4195.06156
5 15 2866.39014
6 15 1623.48452
7 15 296.104523
8 15 -358.63408
9 15 -132.6821
10 15 9213.01047
11 15 6179.31
12 15 1978.66111
13 15 -12826.9796
14 15 1960.6573
15 15 12935.3395
16 15 -64268.2082
17 15 -181825.166
18 15 -32.1643026
19 15 156.780975
20 15 -434.798598
21 15 -436.289086
22 15 8339.71333
23 15 2858.30365
24 15 -1334.834
25 15 -528.908417
26 15 162.290234
27 15 94.2586475
28 15 -951.104473
29 15 -6264.05011
30 15 602.4465
31 15 -778.429824
32 15 199.370105
33 15 330.793836
34 15 -1201.04674
35 15 -8353.86283
36 15 1386.52225
37 15 -178.076629
38 15 25.5500007
39 15 145.92236
40 15 9.24995781
41 15 -2085.17641
42 15 168.223974
43 15 -9.4270602
44 15 -1.65642456
45 15 1.93945449
46 15 56.3104285
47 15 -387.639712
48 15 -57.3636242
49 15 -11.0959449
50 15 -1.83831357
51 15 2.32122985
52 15 55.8264692
53 15 -421.646544
54 15 -67.0640782
55 15 -13.1745829
56 15 -2.04331396
57 15 2.42348243
58 15 56.5950165
59 15 -454.075322
60 15 -75.1821858
61 15 -16.688584
62 15 -2.50924913
63 15 2.53099697
64 15 61.6294198
65 15 -504.200114
66 15 -93.5030542
67 15 -22.3230544
68 15 -2.93032602
69 15 5.46460015
70 15 52.7649667
71 15 -610.317029
72 15 -111.728696
1 16 313.742839
2 16 33574.79
3 16 2393.6247
4 16 -803806.475
5 16 24739.1505
6 16 -267831.228
7 16 -1406.57945
8 16 76256.7008
9 16 6635.41493
10 16 -1617364.65
11 16 -24979.1939
12 16 -248090.162
13 16 10758.8153
14 16 -942693.911
15 16 -64268.2082
16 16 16667834.6
17 16 520307.753
18 16 -2074173.72
19 16 -1801.86108
20 16 131923.021
21 16 11602.4238
22 16 -1868253.8
23 16 -76578.0399
24 16 336736.203
25 16 -1572.21792
26 16 80278.9503
27 16 -2998.53786
28 16 -934455.87
29 16 -9755.45112
30 16 300115.642
31 16 -3979.62618
32 16 91835.8417
33 16 -4589.62779
34 16 -886815.51
35 16 -19808.9303
36 16 499708.951
37 16 -1528.00414
38 16 16673.584
39 16 -224.034921
40 16 -139970.469
41 16 -6764.18346
42 16 99124.3394
43 16 61.1456503
44 16 628.354764
45 16 58.5424119
46 16 -24954.9674
47 16 1882.81258
48 16 5855.81367
49 16 78.2415994
50 16 737.888514
51 16 76.8108891
52 16 -27107.8921
53 16 2194.60395
54 16 6530.21717
55 16 105.753035
56 16 878.160671
57 16 101.140782
58 16 -29633.4627
59 16 2821.25765
60 16 6489.08472
61 16 144.549067
62 16 1119.31793
63 16 157.969817
64 16 -33698.333
65 16 3433.90775
66 16 6503.95181
67 16 206.33835
68 16 1462.21894
69 16 179.233854
70 16 -38271.5357
71 16 4073.71069
72 16 10825.1236
1 17 -33410.1124
2 17 673.900487
3 17 -11233.2331
4 17 2005.06183
5 17 -891822.18
6 17 -65252.0973
7 17 -74489.1117
8 17 2075.79822
9 17 -11800.3746
10 17 -36352.001
11 17 -1611156.32
12 17 -162557.424
13 17 985468.14
14 17 -10726.651
15 17 -181825.166
16 17 520307.753
17 17 19562416.4
18 17 1410962.15
19 17 -129969.219
20 17 2257.38307
21 17 26898.2087
22 17 -83449.5824
23 17 -1927042.63
24 17 -162107.356
25 17 -77417.5781
26 17 77.5674388
27 17 25799.064
28 17 3040.08545
29 17 -1005395.56
30 17 18640.0463
31 17 -92783.1689
32 17 -1305.28592
33 17 52106.0391
34 17 36657.6432
35 17 -1199926.69
36 17 45901.7457
37 17 -13491.105
38 17 101.043792
39 17 10941.25
40 17 7327.25531
41 17 -202923.16
42 17 2299.22603
43 17 -965.423966
44 17 -58.4992123
45 17 211.417221
46 17 1341.98421
47 17 -39811.7632
48 17 -4887.83773
49 17 -1135.20575
50 17 -57.6288574
51 17 254.247663
52 17 904.452552
53 17 -43277.9844
54 17 -5771.22731
55 17 -1345.55437
56 17 -53.6211359
57 17 269.216684
58 17 529.596614
59 17 -46524.0982
60 17 -6619.47815
61 17 -1702.54301
62 17 -58.4866509
63 17 290.578729
64 17 319.598485
65 17 -51605.6319
66 17 -8514.42371
67 17 -2275.02604
68 17 -40.3977635
69 17 598.258902
70 17 -1421.47273
71 17 -62481.7766
72 17 -9624.61484
1 18 -3326.48241
2 18 -2246.67451
3 18 -1279.28639
4 18 58667.8125
5 18 -97114.3461
6 18 -6581.41243
7 18 -7513.11197
8 18 -5723.51188
9 18 -1731.98437
10 18 140778.839
11 18 -185479.771
12 18 -49471.1112
13 18 57925.981
14 18 160000.731
15 18 -32.1643026
16 18 -2074173.72
17 18 1410962.15
18 18 2282676.64
19 18 -8258.27093
20 18 -1250.11102
21 18 1508.19797
22 18 -9358.33659
23 18 -144272.327
24 18 -90820.973
25 18 1600.88301
26 18 8611.76551
27 18 -958.007914
28 18 -111521.83
29 18 4589.84797
30 18 12668.9268
31 18 2646.23009
32 18 12275.4371
33 18 -2428.11182
34 18 -123652.365
35 18 25920.6027
36 18 44908.292
37 18 -131.316179
38 18 3914.49306
39 18 -272.42757
40 18 -37852.5923
41 18 -2819.90432
42 18 21550.8381
43 18 -67.5917988
44 18 370.950403
45 18 57.990953
46 18 -14838.2308
47 18 -3170.79752
48 18 2987.80931
49 18 -75.6704165
50 18 436.809624
51 18 73.5869294
52 18 -16178.1397
53 18 -3358.08486
54 18 3297.2868
55 18 -81.8783045
56 18 521.463461
57 18 89.8120976
58 18 -17735.0177
59 18 -3332.54523
60 18 3180.94555
61 18 -97.153773
62 18 665.731085
63 18 126.240786
64 18 -20198.2956
65 18 -3513.71204
66 18 2985.14224
67 18 -121.905843
68 18 873.566689
69 18 172.249656
70 18 -23132.1986
71 18 -4304.62499
72 18 5459.67323
1 19 -2640.46292
2 19 51.6724902
3 19 -852.385943
4 19 -142.748737
5 19 -64848.8329
6 19 -3433.3779
7 19 -4804.98935
8 19 81.1341078
9 19 -937.805086
10 19 -1124.71768
11 19 -92525.74
12 19 -4003.01208
13 19 -8425.79018
14 19 62.830894
15 19 156.780975
16 19 -1801.86108
17 19 -129969.219
18 19 -8258.27093
19 19 92489.5141
20 19 282.257457
21 19 -29929.3811
22 19 17333.7791
23 19 1287937.24
24 19 62288.0112
25 19 -10327.0998
26 19 50.3718192
27 19 4101.42668
28 19 -3292.39031
29 19 -133142.066
30 19 -2645.73017
31 19 -8115.91729
32 19 -140.857295
33 19 4441.35855
34 19 3993.18588
35 19 -97079.3328
36 19 5574.93513
37 19 -893.225264
38 19 14.8983851
39 19 764.925892
40 19 369.379584
41 19 -9802.73343
42 19 503.024143
43 19 -13.5557753
44 19 -0.277432082
45 19 3.03120749
46 19 -2.81464914
47 19 -559.563775
48 19 -63.8015361
49 19 -15.9234291
50 19 -0.174986296
51 19 3.6477195
52 19 -10.6535841
53 19 -607.736649
54 19 -75.6601972
55 19 -18.8479819
56 19 -0.00626886226
57 19 3.87531036
58 19 -17.8017292
59 19 -652.402647
60 19 -87.6359467
61 19 -23.8176632
62 19 0.114430718
63 19 4.21789662
64 19 -23.7092045
65 19 -722.728092
66 19 -114.273913
67 19 -31.7833399
68 19 0.631914865
69 19 8.54950912
70 19 -51.3544441
71 19 -874.210829
72 19 -126.298355
1 20 -56.2642137
2 20 -2577.33775
3 20 -125.107912
4 20 57203.6621
5 20 -1873.17696
6 20 18400.0842
7 20 -29.9481399
8 20 -4862.94302
9 20 -137.39607
10 20 89814.8023
11 20 -423.900209
12 20 17362.9327
13 20 73.637426
14 20 -8603.42171
15 20 -434.798598
16 20 131923.021
17 20 2257.38307
18 20 -1250.11102
19 20 282.257457
20 20 101693.152
21 20 2565.17952
22 20 -1207867.63
23 20 -17244.7051
24 20 386939.012
25 20 53.8721536
26 20 -10661.5609
27 20 -131.651438
28 20 116747.249
29 20 2992.58395
30 20 -44977.113
31 20 252.648977
32 20 -8294.76674
33 20 653.681169
34 20 75527.9679
35 20 -103.379101
36 20 -41501.847
37 20 106.036293
38 20 -1279.99181
39 20 42.8143278
40 20 7947.11516
41 20 399.362094
42 20 -6483.22256
43 20 -0.145729436
44 20 -12.7497108
45 20 -1.43528541
46 20 507.47144
47 20 7.0176663
48 20 -113.863585
49 20 -0.298402704
50 20 -14.9859713
51 20 -1.85745062
52 20 551.92744
53 20 4.70274238
54 20 -126.609989
55 20 -0.615967063
56 20 -17.8537974
57 20 -2.37177641
58 20 603.941196
59 20 -4.25743464
60 20 -124.799499
61 20 -0.993777917
62 20 -22.7715681
63 20 -3.55701547
64 20 687.21927
65 20 -10.7892385
66 20 -122.927623
67 20 -1.59003963
68 20 -29.7941026
69 20 -4.34696917
70 20 782.674618
71 20 -11.1553415
72 20 -209.829017
1 21 750.876096
2 21 -211.696911
3 21 157.2593
4 21 5350.06796
5 21 17509.9075
6 21 2699.2119
7 21 1124.69242
8 21 -230.292184
9 21 43.3507009
10 21 5937.22827
11 21 20619.5631
12 21 1987.51128
13 21 1785.91769
14 21 -556.398931
15 21 -436.289086
16 21 11602.4238
17 21 26898.2087
18 21 1508.19797
19 21 -29929.3811
20 21 2565.17952
21 21 20627.1437
22 21 -72603.6132
23 21 -439397.768
24 21 -89.0740269
25 21 969.423784
26 21 -230.268923
27 21 -865.429658
28 21 4980.94001
29 21 17081.7362
30 21 -1196.08547
31 21 76.2189039
32 21 382.700677
33 21 -205.801591
34 21 -2842.84627
35 21 2984.95968
36 21 1583.80934
37 21 -76.332826
38 21 27.6240606
39 21 59.8065427
40 21 -47.9516685
41 21 -871.328309
42 21 135.875969
43 21 -5.73923786
44 21 -1.56061923
45 21 1.11716157
46 21 56.2667056
47 21 -235.432261
48 21 -39.8260268
49 21 -6.75605767
50 21 -1.7705556
51 21 1.32963302
52 21 57.9906251
53 21 -256.031128
54 21 -46.2754311
55 21 -8.02664794
56 21 -2.02401923
57 21 1.36748235
58 21 60.8618449
59 21 -275.901887
60 21 -51.1261621
61 21 -10.1674355
62 21 -2.52984498
63 21 1.37791889
64 21 67.7965149
65 21 -306.330164
66 21 -62.1597798
67 21 -13.5977524
68 21 -3.10646054
69 21 3.11712578
70 21 66.9330058
71 21 -370.32193
72 21 -77.0748564
1 22 -832.584097
2 22 35111.7753
3 22 1810.86367
4 22 -821919.857
5 22 -11051.0153
6 22 -278432.849
7 22 -1638.11451
8 22 64718.6222
9 22 2788.597
10 22 -1272295.45
11 22 -33589.6125
12 22 -260662.313
13 22 -3859.864
14 22 113357.839
15 22 8339.71333
16 22 -1868253.8
17 22 -83449.5824
18 22 -9358.33659
19 22 17333.7791
20 22 -1207867.63
21 22 -72603.6132
22 22 17132902
23 22 804807.237
24 22 -4718196.95
25 22 -2164.93949
26 22 150325.735
27 22 5169.04111
28 22 -1744405.74
29 22 -83831.4246
30 22 675423.108
31 22 -3860.48357
32 22 120871.36
33 22 -8326.23316
34 22 -1139524.49
35 22 -7039.94125
36 22 630015.533
37 22 -1459.52041
38 22 18527.1411
39 22 -502.185916
40 22 -150301.457
41 22 -6033.6135
42 22 108191.19
43 22 37.3715452
44 22 607.25393
45 22 61.4846675
46 22 -24139.1614
47 22 922.527714
48 22 5560.88527
49 22 49.9519971
50 22 713.425134
51 22 80.1869819
52 22 -26236.7757
53 22 1140.83771
54 22 6193.98603
55 22 71.6284085
56 22 849.497413
57 22 104.147567
58 22 -28695.539
59 22 1667.45449
60 22 6134.73296
61 22 100.763419
62 22 1083.21383
63 22 159.771986
64 22 -32644.6436
65 22 2136.14429
66 22 6105.48123
67 22 147.019437
68 22 1416.18394
69 22 187.631891
70 22 -37124.3334
71 22 2493.69837
72 22 10267.2472
1 23 -38639.2663
2 23 1824.94342
3 23 -12413.4673
4 23 -26968.7815
5 23 -1002778.76
6 23 -72773.6256
7 23 -67644.0169
8 23 2647.93874
9 23 -12819.8918
10 23 -47201.0155
11 23 -1380262.8
12 23 -86523.7106
13 23 -116184.253
14 23 3482.62564
15 23 2858.30365
16 23 -76578.0399
17 23 -1927042.63
18 23 -144272.327
19 23 1287937.24
20 23 -17244.7051
21 23 -439397.768
22 23 804807.237
23 23 21348397.7
24 23 1187082.51
25 23 -148713.344
26 23 2487.67728
27 23 61891.4295
28 23 -87003.0324
29 23 -2069209.91
30 23 -52367.4785
31 23 -118842.449
32 23 -1625.21438
33 23 66446.2221
34 23 49275.9467
35 23 -1492317.58
36 23 72309.8465
37 23 -13508.5091
38 23 185.332187
39 23 11079.9193
40 23 6383.14119
41 23 -196534.234
42 23 3813.80556
43 23 -750.642617
44 23 -43.9837598
45 23 164.555311
46 23 983.670033
47 23 -30956.2314
48 23 -3787.09624
49 23 -882.035632
50 23 -43.3345951
51 23 197.731481
52 23 649.60331
53 23 -33627.8094
54 23 -4472.09637
55 23 -1044.62338
56 23 -40.4353778
57 23 209.173837
58 23 370.741941
59 23 -36120.2019
60 23 -5130.89174
61 23 -1320.54475
62 23 -44.7968456
63 23 225.474767
64 23 230.751921
65 23 -40027.3985
66 23 -6601.10651
67 23 -1762.78569
68 23 -31.922168
69 23 463.456816
70 23 -1085.08605
71 23 -48412.8262
72 23 -7461.78806
1 24 -3743.59621
2 24 -9136.9506
3 24 -1743.68766
4 24 217596.058
5 24 -110058.875
6 24 41847.4674
7 24 -4297.55242
8 24 -13943.123
9 24 -1460.63979
10 24 276601.96
11 24 -108057.677
12 24 6204.74717
13 24 -8629.93905
14 24 -21379.9535
15 24 -1334.834
16 24 336736.203
17 24 -162107.356
18 24 -90820.973
19 24 62288.0112
20 24 386939.012
21 24 -89.0740269
22 24 -4718196.95
23 24 1187082.51
24 24 3168365.86
25 24 -4664.63019
26 24 -14604.3246
27 24 1505.58315
28 24 157872.434
29 24 -84290.7308
30 24 -154813.361
31 24 4778.96105
32 24 -2050.95841
33 24 -2511.41837
34 24 15889.7586
35 24 42200.3941
36 24 -40508.0046
37 24 60.3968073
38 24 1572.87292
39 24 -226.430409
40 24 -16699.9223
41 24 -2213.02448
42 24 7318.62834
43 24 -69.2094583
44 24 251.380021
45 24 44.5871521
46 24 -10079.2771
47 24 -3115.34872
48 24 1918.8289
49 24 -78.77453
50 24 296.275008
51 24 56.2387085
52 24 -11002.6334
53 24 -3325.65739
54 24 2108.54584
55 24 -88.0314374
56 24 354.047853
57 24 67.6494485
58 24 -12072.203
59 24 -3385.5235
60 24 2008.94387
61 24 -106.971021
62 24 452.22034
63 24 92.9775466
64 24 -13755.2159
65 24 -3630.02559
66 24 1830.13999
67 24 -137.513141
68 24 594.245448
69 24 131.682823
70 24 -15795.3491
71 24 -4428.46177
72 24 3489.6364
1 25 -809.999764
2 25 34.5244615
3 25 -420.885326
4 25 -1089.45424
5 25 -22019.6075
6 25 281.275074
7 25 -3223.46594
8 25 136.748323
9 25 -1058.15331
10 25 -2883.51983
11 25 -63919.0333
12 25 991.0601
13 25 -4861.12426
14 25 91.5481738
15 25 -528.908417
16 25 -1572.21792
17 25 -77417.5781
18 25 1600.88301
19 25 -10327.0998
20 25 53.8721536
21 25 969.423784
22 25 -2164.93949
23 25 -148713.344
24 25 -4664.63019
25 25 85697.1492
26 25 14.4285485
27 25 -31627.5236
28 25 2688.4209
29 25 1135077.22
30 25 30354.0062
31 25 -16290.6136
32 25 -280.254744
33 25 7645.97721
34 25 6633.26693
35 25 -210022.448
36 25 1538.05537
37 25 -1497.43647
38 25 16.1145438
39 25 1266.30309
40 25 611.674465
41 25 -17794.9194
42 25 685.557998
43 25 -37.1885478
44 25 -0.755505776
45 25 -0.17716213
46 25 24.0755595
47 25 -1345.05131
48 25 -143.372867
49 25 -44.8774514
50 25 -0.488226272
51 25 -1.0720895
52 25 15.1725846
53 25 -1483.38666
54 25 -173.936345
55 25 -56.4540947
56 25 -0.00138746428
57 25 -4.71863308
58 25 10.6819678
59 25 -1678.32985
60 25 -210.454722
61 25 -78.6767891
62 25 0.41251585
63 25 -13.7769407
64 25 29.7171559
65 25 -2035.19009
66 25 -295.535907
67 25 -103.807016
68 25 2.07357058
69 25 -14.1768907
70 25 -15.4992389
71 25 -2343.93322
72 25 -328.567586
1 26 -43.5585511
2 26 -819.076946
3 26 10.4191999
4 26 17549.7557
5 26 -807.721169
6 26 9010.75946
7 26 -75.0562977
8 26 -3236.64105
9 26 95.6667514
10 26 57970.9364
11 26 -719.05656
12 26 18902.3877
13 26 -23.2696276
14 26 -5107.48099
15 26 162.290234
16 26 80278.9503
17 26 77.5674388
18 26 8611.76551
19 26 50.3718192
20 26 -10661.5609
21 26 -230.268923
22 26 150325.735
23 26 2487.67728
24 26 -14604.3246
25 26 14.4285485
26 26 95957.2913
27 26 516.753424
28 26 -1031868.61
29 26 -2826.49095
30 26 386724.539
31 26 68.3345477
32 26 -15852.3609
33 26 605.587515
34 26 157642.355
35 26 -3318.18357
36 26 -68990.1888
37 26 120.788375
38 26 -2014.42468
39 26 101.473291
40 26 13472.3792
41 26 286.6893
42 26 -10409.9312
43 26 0.123847011
44 26 -35.2631877
45 26 -3.88450946
46 26 1260.16713
47 26 8.00063648
48 26 -21.0679158
49 26 -0.249943127
50 26 -42.5554045
51 26 -5.1990116
52 26 1387.26524
53 26 -6.4222099
54 26 -1.99058961
55 26 -1.08288903
56 26 -53.3702224
57 26 -7.10657944
58 26 1554.41915
59 26 -40.615602
60 26 77.392052
61 26 -2.36808542
62 26 -73.8909951
63 26 -11.9395605
64 26 1837.05155
65 26 -95.4607359
66 26 229.92425
67 26 -3.0289944
68 26 -98.1951903
69 26 -15.0168927
70 26 2107.06378
71 26 -94.274201
72 26 182.180407
1 27 193.541902
2 27 37.9385388
3 27 91.7119273
4 27 -653.285838
5 27 5324.0001
6 27 -525.372699
7 27 1072.1151
8 27 167.273978
9 27 299.131589
10 27 -2256.42721
11 27 20499.3643
12 27 -1346.15289
13 27 1674.48991
14 27 263.686691
15 27 94.2586475
16 27 -2998.53786
17 27 25799.064
18 27 -958.007914
19 27 4101.42668
20 27 -131.651438
21 27 -865.429658
22 27 5169.04111
23 27 61891.4295
24 27 1505.58315
25 27 -31627.5236
26 27 516.753424
27 27 24218.7849
28 27 -40549.0075
29 27 -439463.014
30 27 138.070059
31 27 3350.70631
32 27 518.431255
33 27 -3143.76507
34 27 -550.042548
35 27 45872.732
36 27 466.308571
37 27 216.757215
38 27 71.8212345
39 27 -208.166535
40 27 -303.24564
41 27 2416.52666
42 27 160.094959
43 27 -15.1383602
44 27 -3.79929813
45 27 -1.34057309
46 27 138.3944
47 27 -527.310844
48 27 -58.1902193
49 27 -18.4341244
50 27 -4.40912912
51 27 -2.1031411
52 27 148.607021
53 27 -585.796475
54 27 -68.7314256
55 27 -23.6057874
56 27 -5.26740959
57 27 -4.21909794
58 27 164.752246
59 27 -676.211926
60 27 -76.3824421
61 27 -33.6843943
62 27 -7.09447741
63 27 -9.42064255
64 27 203.855837
65 27 -844.106536
66 27 -97.6952904
67 27 -44.3419123
68 27 -8.77524015
69 27 -11.1577663
70 27 215.15055
71 27 -958.927769
72 27 -116.504937
1 28 587.517997
2 28 9900.05236
3 28 -49.1364378
4 28 -225872.549
5 28 12316.7263
6 28 -116581.574
7 28 1101.94879
8 28 34322.4052
9 28 -526.151
10 28 -654391.196
11 28 12577.3118
12 28 -218840.105
13 28 684.73083
14 28 55066.4577
15 28 -951.104473
16 28 -934455.87
17 28 3040.08545
18 28 -111521.83
19 28 -3292.39031
20 28 116747.249
21 28 4980.94001
22 28 -1744405.74
23 28 -87003.0324
24 28 157872.434
25 28 2688.4209
26 28 -1031868.61
27 28 -40549.0075
28 28 13410764.5
29 28 281538.249
30 28 -4166398.8
31 28 2144.41821
32 28 195822.758
33 28 -2424.84056
34 28 -2081011.92
35 28 47178.4569
36 28 885843.916
37 28 -1280.37632
38 28 24812.084
39 28 -948.188052
40 28 -249574.707
41 28 -7989.41699
42 28 160642.995
43 28 51.6089126
44 28 1451.85409
45 28 163.277297
46 28 -52432.2763
47 28 1542.02431
48 28 2177.96794
49 28 78.8612354
50 28 1747.29738
51 28 219.003677
52 28 -57637.1686
53 28 2309.67179
54 28 1642.81965
55 28 131.498516
56 28 2180.62358
57 28 302.47424
58 28 -64425.2272
59 28 3990.88552
60 28 -1286.88651
61 28 219.004681
62 28 2998.11033
63 28 512.167766
64 28 -75896.5182
65 28 6686.99046
66 28 -6875.8992
67 28 287.893576
68 28 3977.10275
69 28 640.214014
70 28 -86928.2665
71 28 7061.35223
72 28 -4134.51573
1 29 -10514.1331
2 29 359.908503
3 29 -5384.46748
4 29 -12372.805
5 29 -307401.738
6 29 2974.4444
7 29 -37665.1732
8 29 943.211092
9 29 -12334.0528
10 29 -22998.9979
11 29 -792417.683
12 29 4259.74158
13 29 -58334.7825
14 29 323.225986
15 29 -6264.05011
16 29 -9755.45112
17 29 -1005395.56
18 29 4589.84797
19 29 -133142.066
20 29 2992.58395
21 29 17081.7362
22 29 -83831.4246
23 29 -2069209.91
24 29 -84290.7308
25 29 1135077.22
26 29 -2826.49095
27 29 -439463.014
28 29 281538.249
29 29 18087361
30 29 641711.096
31 29 -222457.618
32 29 -6183.75837
33 29 102580.154
34 29 91015.664
35 29 -3120004.21
36 29 -31355.9547
37 29 -20194.1966
38 29 -10.5364414
39 29 15772.2391
40 29 7319.25472
41 29 -369735.111
42 29 -575.835781
43 29 -1771.14117
44 29 -89.4175374
45 29 -6.37253067
46 29 2983.90454
47 29 -64240.4338
48 29 -6804.14845
49 29 -2136.8232
50 29 -88.0569199
51 29 -48.6291898
52 29 2742.17743
53 29 -70847.8045
54 29 -8216.90104
55 29 -2686.18239
56 29 -82.1429002
57 29 -221.388415
58 29 2774.86135
59 29 -80120.0301
60 29 -9810.74937
61 29 -3738.71759
62 29 -95.6749774
63 29 -651.347283
64 29 4093.39541
65 29 -97058.7835
66 29 -13577.6329
67 29 -4933.36451
68 29 -55.1024519
69 29 -663.902778
70 29 2323.28271
71 29 -111860.887
72 29 -15166.6645
1 30 364.631655
2 30 -2467.44999
3 30 274.021573
4 30 58789.0712
5 30 8999.78121
6 30 27391.4107
7 30 1400.75034
8 30 -10841.3223
9 30 751.355331
10 30 207399.388
11 30 19855.9789
12 30 56486.7286
13 30 2008.60183
14 30 -18126.3878
15 30 602.4465
16 30 300115.642
17 30 18640.0463
18 30 12668.9268
19 30 -2645.73017
20 30 -44977.113
21 30 -1196.08547
22 30 675423.108
23 30 -52367.4785
24 30 -154813.361
25 30 30354.0062
26 30 386724.539
27 30 138.070059
28 30 -4166398.8
29 30 641711.096
30 30 3239253.05
31 30 3199.01236
32 30 -39040.0496
33 30 -659.038361
34 30 361708.109
35 30 -8952.83211
36 30 -407109.26
37 30 617.669072
38 30 -3463.50108
39 30 -281.133943
40 30 22163.8073
41 30 -3383.76536
42 30 -34198.8145
43 30 -150.496864
44 30 547.789743
45 30 63.1462587
46 30 -19125.3954
47 30 -5474.64513
48 30 -1223.2448
49 30 -174.649781
50 30 666.396125
51 30 81.6718681
52 30 -21163.7976
53 30 -5764.925
54 30 -1822.62464
55 30 -205.987831
56 30 846.73869
57 30 100.397862
58 30 -23874.402
59 30 -5937.86576
60 30 -3451.48488
61 30 -269.252905
62 30 1191.6974
63 30 149.312477
64 30 -28399.1308
65 30 -6298.7685
66 30 -6652.78204
67 30 -359.899855
68 30 1593.80216
69 30 203.665855
70 30 -32824.1195
71 30 -7582.34671
72 30 -6675.9721
1 31 -1458.74597
2 31 104.494066
3 31 -757.010391
4 31 -2825.63663
5 31 -39416.8113
6 31 48.667545
7 31 -3541.77119
8 31 252.295319
9 31 -1312.18345
10 31 -5844.16689
11 31 -74002.7178
12 31 1652.94704
13 31 -5447.3745
14 31 209.804158
15 31 -778.429824
16 31 -3979.62618
17 31 -92783.1689
18 31 2646.23009
19 31 -8115.91729
20 31 252.648977
21 31 76.2189039
22 31 -3860.48357
23 31 -118842.449
24 31 4778.96105
25 31 -16290.6136
26 31 68.3345477
27 31 3350.70631
28 31 2144.41821
29 31 -222457.618
30 31 3199.01236
31 31 86974.2565
32 31 -716.389339
33 31 -49724.0855
34 31 -4443.87255
35 31 1323272.77
36 31 -8644.04622
37 31 -2833.89702
38 31 -7.84742729
39 31 2434.15817
40 31 1371.55762
41 31 -31223.4413
42 31 1342.31443
43 31 -35.3492616
44 31 -0.478203338
45 31 0.180093037
46 31 12.9173807
47 31 -1285.79316
48 31 -136.968486
49 31 -42.6281916
50 31 -0.188368459
51 31 -0.568672414
52 31 3.53056086
53 31 -1417.51034
54 31 -166.174203
55 31 -53.5345762
56 31 0.316092056
57 31 -3.87576371
58 31 -1.67872119
59 31 -1600.96915
60 31 -201.183377
61 31 -74.4641463
62 31 0.768462895
63 31 -12.1401162
64 31 14.8081759
65 31 -1936.86181
66 31 -282.433936
67 31 -98.4608616
68 31 2.38417243
69 31 -12.1249998
70 31 -29.0959895
71 31 -2238.62919
72 31 -313.369973
1 32 -115.866471
2 32 -1317.33991
3 32 -8.25929474
4 32 28101.0514
5 32 -2488.78082
6 32 14435.4598
7 32 -175.739561
8 32 -3350.42434
9 32 111.446314
10 32 61844.4257
11 32 -2427.04602
12 32 22447.9124
13 32 -120.443272
14 32 -5511.22813
15 32 199.370105
16 32 91835.8417
17 32 -1305.28592
18 32 12275.4371
19 32 -140.857295
20 32 -8294.76674
21 32 382.700677
22 32 120871.36
23 32 -1625.21438
24 32 -2050.95841
25 32 -280.254744
26 32 -15852.3609
27 32 518.431255
28 32 195822.758
29 32 -6183.75837
30 32 -39040.0496
31 32 -716.389339
32 32 102891.004
33 32 -2370.12848
34 32 -1130223.05
35 32 4026.29941
36 32 683870.15
37 32 86.7604521
38 32 -3207.33954
39 32 260.348393
40 32 20330.0907
41 32 -609.456072
42 32 -16231.1213
43 32 0.342462357
44 32 -35.1772619
45 32 -3.8878013
46 32 1260.95044
47 32 16.9537023
48 32 -27.8549025
49 32 0.0125921136
50 32 -42.429219
51 32 -5.19495451
52 32 1387.85729
53 32 3.58521253
54 32 -10.0679314
55 32 -0.758763357
56 32 -53.1543757
57 32 -7.07257576
58 32 1554.30074
59 32 -29.3160761
60 32 67.3941294
61 32 -1.93457561
62 32 -73.4678666
63 32 -11.8265138
64 32 1835.32106
65 32 -81.6613146
66 32 216.210547
67 32 -2.51441009
68 32 -97.6312211
69 32 -14.9129474
70 32 2105.54237
71 32 -79.227319
72 32 163.635037
1 33 737.913699
2 33 45.0779314
3 33 362.293274
4 33 -518.829802
5 33 20057.3631
6 33 -987.61837
7 33 1841.40792
8 33 226.283563
9 33 635.412432
10 33 -3318.05863
11 33 38597.9619
12 33 -3165.07202
13 33 3024.05211
14 33 337.90725
15 33 330.793836
16 33 -4589.62779
17 33 52106.0391
18 33 -2428.11182
19 33 4441.35855
20 33 653.681169
21 33 -205.801591
22 33 -8326.23316
23 33 66446.2221
24 33 -2511.41837
25 33 7645.97721
26 33 605.587515
27 33 -3143.76507
28 33 -2424.84056
29 33 102580.154
30 33 -659.038361
31 33 -49724.0855
32 33 -2370.12848
33 33 37733.7995
34 33 5477.15777
35 33 -816179.329
36 33 417.573135
37 33 1090.74273
38 33 160.28747
39 33 -972.171179
40 33 -1164.56954
41 33 11797.8944
42 33 104.031493
43 33 -8.26752266
44 33 -3.86990305
45 33 -1.21658689
46 33 141.569425
47 33 -281.233936
48 33 -33.3640151
49 33 -10.1355024
50 33 -4.57295447
51 33 -1.78790904
52 33 154.149792
53 33 -314.33238
54 33 -38.3829302
55 33 -13.1409
56 33 -5.58506632
57 33 -3.18742029
58 33 172.099232
59 33 -368.331255
60 33 -39.0412511
61 33 -19.0554459
62 33 -7.61104566
63 33 -6.62645345
64 33 209.276158
65 33 -469.446468
66 33 -44.112404
67 33 -25.1210246
68 33 -9.76986531
69 33 -8.17174782
70 33 230.854885
71 33 -530.228252
72 33 -57.8711424
1 34 1400.05098
2 34 12455.5087
3 34 303.155454
4 34 -281428.259
5 34 32333.1994
6 34 -145664.08
7 34 3088.38874
8 34 30222.4468
9 34 -347.643667
10 34 -575841.427
11 34 53149.1116
12 34 -209497.088
13 34 2653.24074
14 34 51163.0598
15 34 -1201.04674
16 34 -886815.51
17 34 36657.6432
18 34 -123652.365
19 34 3993.18588
20 34 75527.9679
21 34 -2842.84627
22 34 -1139524.49
23 34 49275.9467
24 34 15889.7586
25 34 6633.26693
26 34 157642.355
27 34 -550.042548
28 34 -2081011.92
29 34 91015.664
30 34 361708.109
31 34 -4443.87255
32 34 -1130223.05
33 34 5477.15777
34 34 14398521.5
35 34 56893.1941
36 34 -8036984.7
37 34 -398.351205
38 34 30860.4872
39 34 -2373.34408
40 34 -290921.483
41 34 -158.679923
42 34 193650.125
43 34 18.1413183
44 34 1455.17999
45 34 164.62032
46 34 -52643.2894
47 34 290.325157
48 34 2222.01853
49 34 38.7205812
50 34 1751.21666
51 34 219.982312
52 34 -57875.8365
53 34 931.988363
54 34 1689.30692
55 34 81.6904139
56 34 2184.86177
57 34 300.775557
58 34 -64685.5143
59 34 2449.98636
60 34 -1237.97658
61 34 151.248611
62 34 3001.81319
63 34 503.791154
64 34 -76166.3184
65 34 4852.62632
66 34 -6832.86384
67 34 200.42461
68 34 3983.62899
69 34 633.901539
70 34 -87299.1076
71 34 4968.07982
72 34 -3998.61591
1 35 -17671.8943
2 35 875.171857
3 35 -8916.293
4 35 -26517.2123
5 35 -508306.593
6 35 1507.39934
7 35 -40731.9693
8 35 1333.48348
9 35 -14563.4726
10 35 -39019.8802
11 35 -879953.949
12 35 25466.78
13 35 -67043.0436
14 35 700.437431
15 35 -8353.86283
16 35 -19808.9303
17 35 -1199926.69
18 35 25920.6027
19 35 -97079.3328
20 35 -103.379101
21 35 2984.95968
22 35 -7039.94125
23 35 -1492317.58
24 35 42200.3941
25 35 -210022.448
26 35 -3318.18357
27 35 45872.732
28 35 47178.4569
29 35 -3120004.21
30 35 -8952.83211
31 35 1323272.77
32 35 4026.29941
33 35 -816179.329
34 35 56893.1941
35 35 23681523.4
36 35 221741.433
37 35 -32365.5953
38 35 -599.888635
39 35 26519.0109
40 35 11975.4857
41 35 -523610.626
42 35 3809.66943
43 35 -1543.60575
44 35 -52.7577957
45 35 17.3154544
46 35 1598.05274
47 35 -56445.1836
48 35 -5933.92474
49 35 -1859.96262
50 35 -47.1031257
51 35 -12.7015101
52 35 1285.51583
53 35 -62202.698
54 35 -7173.86634
55 35 -2331.52404
56 35 -36.0103277
57 35 -152.55276
58 35 1195.35212
59 35 -70136.4793
60 35 -8596.33469
61 35 -3233.54503
62 35 -37.6213718
63 35 -503.212394
64 35 2137.68207
65 35 -84614.524
66 35 -11930.8257
67 35 -4276.35551
68 35 8.72548175
69 35 -486.95166
70 35 420.124555
71 35 -97945.127
72 35 -13249.6545
1 36 398.127175
2 36 -6400.37565
3 36 433.263611
4 36 147857.261
5 36 10424.7103
6 36 70985.2151
7 36 2412.89419
8 36 -15907.7792
9 36 1671.95867
10 36 308352.492
11 36 52516.2051
12 36 101796.487
13 36 3040.23315
14 36 -28671.6087
15 36 1386.52225
16 36 499708.951
17 36 45901.7457
18 36 44908.292
19 36 5574.93513
20 36 -41501.847
21 36 1583.80934
22 36 630015.533
23 36 72309.8465
24 36 -40508.0046
25 36 1538.05537
26 36 -68990.1888
27 36 466.308571
28 36 885843.916
29 36 -31355.9547
30 36 -407109.26
31 36 -8644.04622
32 36 683870.15
33 36 417.573135
34 36 -8036984.7
35 36 221741.433
36 36 6084582.99
37 36 1276.1373
38 36 -11467.3138
39 36 -116.538642
40 36 89733.5998
41 36 -1447.72389
42 36 -83174.7854
43 36 -156.062512
44 36 310.007546
45 36 37.946068
46 36 -10579.2924
47 36 -5664.21237
48 36 -1501.87489
49 36 -183.89763
50 36 379.911773
51 36 47.8290991
52 36 -11765.2564
53 36 -6071.25188
54 36 -1998.15859
55 36 -222.386669
56 36 488.487843
57 36 53.7793762
58 36 -13359.8113
59 36 -6495.38896
60 36 -3125.19595
61 36 -296.973082
62 36 697.704831
63 36 70.3579066
64 36 -15998.7205
65 36 -7253.84104
66 36 -5365.76253
67 36 -396.390233
68 36 937.960978
69 36 105.658048
70 36 -18615.4272
71 36 -8597.44497
72 36 -5787.72308
1 37 -648.698222
2 37 96.7549203
3 37 -368.40315
4 37 -2187.53397
5 37 -17970.1873
6 37 -680.929493
7 37 -680.240314
8 37 98.5656014
9 37 -292.57287
10 37 -1879.28453
11 37 -14842.3123
12 37 -414.130364
13 37 -755.686124
14 37 97.6447073
15 37 -178.076629
16 37 -1528.00414
17 37 -13491.105
18 37 -131.316179
19 37 -893.225264
20 37 106.036293
21 37 -76.332826
22 37 -1459.52041
23 37 -13508.5091
24 37 60.3968073
25 37 -1497.43647
26 37 120.788375
27 37 216.757215
28 37 -1280.37632
29 37 -20194.1966
30 37 617.669072
31 37 -2833.89702
32 37 86.7604521
33 37 1090.74273
34 37 -398.351205
35 37 -32365.5953
36 37 1276.1373
37 37 44996.6183
38 37 -1121.12215
39 37 -18718.1753
40 37 1658.88401
41 37 662451.138
42 37 -15171.654
43 37 -6247.10531
44 37 -46.9116374
45 37 545.406472
46 37 981.355099
47 37 -70790.8799
48 37 7897.4764
49 37 -210.388595
50 37 1.14332828
51 37 -16.6318909
52 37 50.7500479
53 37 -6586.34028
54 37 -1157.16728
55 37 -198.372761
56 37 2.78053015
57 37 -32.2052809
58 37 75.7723116
59 37 -5655.12651
60 37 -932.924314
61 37 -196.966234
62 37 4.55757206
63 37 -44.1518676
64 37 65.9926096
65 37 -4874.54733
66 37 -832.99651
67 37 -261.314995
68 37 9.93447272
69 37 -50.461076
70 37 -33.95464
71 37 -5575.49729
72 37 -955.111651
1 38 -50.943671
2 38 -608.898263
3 38 -8.51678249
4 38 12624.6573
5 38 -1154.92772
6 38 7161.46128
7 38 -22.6609182
8 38 -787.444934
9 38 13.1898152
10 38 14303.446
11 38 -329.751356
12 38 6081.94917
13 38 4.79006032
14 38 -1024.78764
15 38 25.5500007
16 38 16673.584
17 38 101.043792
18 38 3914.49306
19 38 14.8983851
20 38 -1279.99181
21 38 27.6240606
22 38 18527.1411
23 38 185.332187
24 38 1572.87292
25 38 16.1145438
26 38 -2014.42468
27 38 71.8212345
28 38 24812.084
29 38 -10.5364414
30 38 -3463.50108
31 38 -7.84742729
32 38 -3207.33954
33 38 160.28747
34 38 30860.4872
35 38 -599.888635
36 38 -11467.3138
37 38 -1121.12215
38 38 57784.5129
39 38 -2523.56301
40 38 -591999.258
41 38 -2064.33821
42 38 220564.425
43 38 52.8508024
44 38 -6197.2224
45 38 940.53388
46 38 63751.3371
47 38 -2.85566331
48 38 -6614.83655
49 38 -2.7099312
50 38 -213.170268
51 38 -38.6652107
52 38 6774.23353
53 38 -171.323946
54 38 473.450813
55 38 -5.28525077
56 38 -198.853617
57 38 -35.1393546
58 38 5598.64192
59 38 -303.530006
60 38 816.397295
61 38 -6.56069514
62 38 -196.585018
63 38 -37.2698933
64 38 4675.52184
65 38 -334.512299
66 38 922.040386
67 38 -8.30233402
68 38 -262.659976
69 38 -48.9669526
70 38 5384.17552
71 38 -348.272959
72 38 911.28909
1 39 566.109074
2 39 -19.9403691
3 39 319.083463
4 39 637.352603
5 39 15431.8497
6 39 -124.819949
7 39 591.140374
8 39 -1.99508836
9 39 251.87875
10 39 188.261264
11 39 12699.2532
12 39 -263.233703
13 39 644.980095
14 39 22.0354075
15 39 145.92236
16 39 -224.034921
17 39 10941.25
18 39 -272.42757
19 39 764.925892
20 39 42.8143278
21 39 59.8065427
22 39 -502.185916
23 39 11079.9193
24 39 -226.430409
25 39 1266.30309
26 39 101.473291
27 39 -208.166535
28 39 -948.188052
29 39 15772.2391
30 39 -281.133943
31 39 2434.15817
32 39 260.348393
33 39 -972.171179
34 39 -2373.34408
35 39 26519.0109
36 39 -116.538642
37 39 -18718.1753
38 39 -2523.56301
39 39 21547.3457
40 39 13243.9364
41 39 -264561.374
42 39 405.454203
43 39 -57.5610376
44 39 581.979256
45 39 -586.54408
46 39 -5284.68796
47 39 4335.4308
48 39 509.563184
49 39 -26.4100239
50 39 -33.0429588
51 39 -10.5361199
52 39 1072.72637
53 39 -813.927259
54 39 -66.100056
55 39 -28.9101047
56 39 -26.9993688
57 39 -12.1716915
58 39 795.280359
59 39 -815.84892
60 39 -16.4517314
61 39 -25.3059405
62 39 -23.5480844
63 39 -13.5824053
64 39 596.621036
65 39 -614.065881
66 39 14.3054097
67 39 -33.2873447
68 39 -31.0076205
69 39 -17.6115688
70 39 676.965594
71 39 -681.130804
72 39 -2.37222324
1 40 627.822088
2 40 3876.19238
3 40 248.039058
4 40 -98223.3671
5 40 16729.7624
6 40 -56986.6265
7 40 478.09657
8 40 4831.86869
9 40 88.5941746
10 40 -107125.579
11 40 9868.51746
12 40 -44834.1244
13 40 354.983996
14 40 6557.21815
15 40 9.24995781
16 40 -139970.469
17 40 7327.25531
18 40 -37852.5923
19 40 369.379584
20 40 7947.11516
21 40 -47.9516685
22 40 -150301.457
23 40 6383.14119
24 40 -16699.9223
25 40 611.674465
26 40 13472.3792
27 40 -303.24564
28 40 -249574.707
29 40 7319.25472
30 40 22163.8073
31 40 1371.55762
32 40 20330.0907
33 40 -1164.56954
34 40 -290921.483
35 40 11975.4857
36 40 89733.5998
37 40 1658.88401
38 40 -591999.258
39 40 13243.9364
40 40 10171000.8
41 40 212258.747
42 40 -3028191.86
43 40 -880.748224
44 40 87491.5958
45 40 -12063.2168
46 40 -1017744.89
47 40 9975.3835
48 40 109538.16
49 40 250.165257
50 40 8198.17993
51 40 1510.06351
52 40 -261356.431
53 40 10863.6539
54 40 -16175.2935
55 40 348.844372
56 40 7610.76343
57 40 1381.20157
58 40 -215378.793
59 40 15473.6359
60 40 -29166.5664
61 40 355.937293
62 40 7488.54062
63 40 1455.43471
64 40 -179543.342
65 40 14940.2252
66 40 -32983.5412
67 40 457.88579
68 40 9995.93356
69 40 1908.30583
70 40 -206621.068
71 40 15701.9873
72 40 -31836.5372
1 41 -7267.47352
2 41 678.860162
3 41 -4150.88889
4 41 -17876.1185
5 41 -245413.296
6 41 -5218.2091
7 41 -7439.62898
8 41 584.63416
9 41 -3153.03689
10 41 -12996.1682
11 41 -198444.995
12 41 -2587.83197
13 41 -8522.88167
14 41 444.216071
15 41 -2085.17641
16 41 -6764.18346
17 41 -202923.16
18 41 -2819.90432
19 41 -9802.73343
20 41 399.362094
21 41 -871.328309
22 41 -6033.6135
23 41 -196534.234
24 41 -2213.02448
25 41 -17794.9194
26 41 286.6893
27 41 2416.52666
28 41 -7989.41699
29 41 -369735.111
30 41 -3383.76536
31 41 -31223.4413
32 41 -609.456072
33 41 11797.8944
34 41 -158.679923
35 41 -523610.626
36 41 -1447.72389
37 41 662451.138
38 41 -2064.33821
39 41 -264561.374
40 41 212258.747
41 41 15729544.3
42 41 333864.399
43 41 -92576.0583
44 41 -470.916938
45 41 12838.5965
46 41 23807.5313
47 41 -1212909.19
48 41 81362.2364
49 41 -8078.60581
50 41 -103.345432
51 41 -639.684617
52 41 6383.02079
53 41 -253954.242
54 41 -43632.1603
55 41 -7673.57406
56 41 -38.5452241
57 41 -1233.77863
58 41 6703.18343
59 41 -219950.481
60 41 -35092.6838
61 41 -7589.42786
62 41 70.6160703
63 41 -1662.29646
64 41 4518.9753
65 41 -189230.976
66 41 -31230.403
67 41 -10063.909
68 41 241.682343
69 41 -1878.81041
70 41 902.90689
71 41 -216707.237
72 41 -35726.3648
1 42 89.9721851
2 42 -3299.43185
3 42 143.937418
4 42 79788.0019
5 42 1492.99154
6 42 45535.1318
7 42 253.360054
8 42 -4129.79159
9 42 213.077898
10 42 87280.6917
11 42 4666.82387
12 42 36278.9003
13 42 365.356916
14 42 -5260.2807
15 42 168.223974
16 42 99124.3394
17 42 2299.22603
18 42 21550.8381
19 42 503.024143
20 42 -6483.22256
21 42 135.875969
22 42 108191.19
23 42 3813.80556
24 42 7318.62834
25 42 685.557998
26 42 -10409.9312
27 42 160.094959
28 42 160642.995
29 42 -575.835781
30 42 -34198.8145
31 42 1342.31443
32 42 -16231.1213
33 42 104.031493
34 42 193650.125
35 42 3809.66943
36 42 -83174.7854
37 42 -15171.654
38 42 220564.425
39 42 405.454203
40 42 -3028191.86
41 42 333864.399
42 42 3272636.13
43 42 6938.02164
44 42 -334.534959
45 42 -746.567584
46 42 4186.36235
47 42 38715.4131
48 42 -102425.864
49 42 -1205.71203
50 42 959.606099
51 42 81.074752
52 42 -28978.8405
53 42 -36855.2785
54 42 -12015.1364
55 42 -987.421102
56 42 1031.86535
57 42 21.7603366
58 42 -26939.5559
59 42 -26933.1502
60 42 -12236.0328
61 42 -866.61549
62 42 884.575856
63 42 -26.1431523
64 42 -18384.7114
65 42 -20167.3468
66 42 -11390.5145
67 42 -1156.1681
68 42 1201.92435
69 42 2.06688533
70 42 -21719.5267
71 42 -23259.6251
72 42 -13171.2824
13 43 -15.6415323
14 43 -0.330652356
15 43 -9.4270602
16 43 61.1456503
17 43 -965.423966
18 43 -67.5917988
19 43 -13.5557753
20 43 -0.145729436
21 43 -5.73923786
22 43 37.3715452
23 43 -750.642617
24 43 -69.2094583
25 43 -37.1885478
26 43 0.123847011
27 43 -15.1383602
28 43 51.6089126
29 43 -1771.14117
30 43 -150.496864
31 43 -35.3492616
32 43 0.342462357
33 43 -8.26752266
34 43 18.1413183
35 43 -1543.60575
36 43 -156.062512
37 43 -6247.10531
38 43 52.8508024
39 43 -57.5610376
40 43 -880.748224
41 43 -92576.0583
42 43 6938.02164
43 43 46360.7704
44 43 -368.097737
45 43 8813.87881
46 43 -4078.4707
47 43 873175.438
48 43 24367.2881
49 43 -3002.22015
50 43 34.7626582
51 43 -1487.39225
52 43 -405.71892
53 43 -80451.4742
54 43 -4813.56077
55 43 -1471.8894
56 43 19.6828266
57 43 -654.057807
58 43 1056.89395
59 43 -43597.624
60 43 -4729.6553
61 43 -910.751223
62 43 23.9346168
63 43 -263.463617
64 43 149.325603
65 43 -23699.6977
66 43 -3174.22482
67 43 -938.123149
68 43 39.542412
69 43 -75.7719024
70 43 -571.490737
71 43 -18907.0975
72 43 -2990.76001
13 44 -0.296223921
14 44 -13.6853991
15 44 -1.65642456
16 44 628.354764
17 44 -58.4992123
18 44 370.950403
19 44 -0.277432082
20 44 -12.7497108
21 44 -1.56061923
22 44 607.25393
23 44 -43.9837598
24 44 251.380021
25 44 -0.755505776
26 44 -35.2631877
27 44 -3.79929813
28 44 1451.85409
29 44 -89.4175374
30 44 547.789743
31 44 -0.478203338
32 44 -35.1772619
33 44 -3.86990305
34 44 1455.17999
35 44 -52.7577957
36 44 310.007546
37 44 -46.9116374
38 44 -6197.2224
39 44 581.979256
40 44 87491.5958
41 44 -470.916938
42 44 -334.534959
43 44 -368.097737
44 44 53178.0629
45 44 -881.525676
46 44 -782530.417
47 44 4077.71255
48 44 -130402.8
49 44 -28.343108
50 44 -2818.88952
51 44 -161.231719
52 44 59889.3566
53 44 -1091.31906
54 44 23230.6866
55 44 -47.1556209
56 44 -1434.31311
57 44 -179.536482
58 44 34485.3461
59 44 -2824.85478
60 44 12158.3758
61 44 -32.4200994
62 44 -892.407421
63 44 -147.485275
64 44 20217.2539
65 44 -1531.31712
66 44 5182.21854
67 44 -30.9763334
68 44 -939.704049
69 44 -156.586374
70 44 18420.3763
71 44 -835.66775
72 44 1364.91874
13 45 3.50035541
14 45 -1.50124981
15 45 1.93945449
16 45 58.5424119
17 45 211.417221
18 45 57.990953
19 45 3.03120749
20 45 -1.43528541
21 45 1.11716157
22 45 61.4846675
23 45 164.555311
24 45 44.5871521
25 45 -0.17716213
26 45 -3.88450946
27 45 -1.34057309
28 45 163.277297
29 45 -6.37253067
30 45 63.1462587
31 45 0.180093037
32 45 -3.8878013
33 45 -1.21658689
34 45 164.62032
35 45 17.3154544
36 45 37.946068
37 45 545.406472
38 45 940.53388
39 45 -586.54408
40 45 -12063.2168
41 45 12838.5965
42 45 -746.567584
43 45 8813.87881
44 45 -881.525676
45 45 16431.5504
46 45 -29285.2405
47 45 145207.314
48 45 0.758142496
49 45 -1200.56245
50 45 -130.709818
51 45 -904.302304
52 45 4981.65339
53 45 -29880.0822
54 45 60.7200866
55 45 -399.936589
56 45 -137.044162
57 45 -325.407903
58 45 4737.01131
59 45 -12672.5619
60 45 279.458282
61 45 -93.0443514
62 45 -93.9072761
63 45 -102.988814
64 45 2402.62245
65 45 -3078.64787
66 45 278.205233
67 45 1.44619421
68 45 -107.218147
69 45 -45.2058194
70 45 2254.7168
71 45 118.383989
72 45 176.354137
13 46 -4.19909466
14 46 544.536113
15 46 56.3104285
16 46 -24954.9674
17 46 1341.98421
18 46 -14838.2308
19 46 -2.81464914
20 46 507.47144
21 46 56.2667056
22 46 -24139.1614
23 46 983.670033
24 46 -10079.2771
25 46 24.0755595
26 46 1260.16713
27 46 138.3944
28 46 -52432.2763
29 46 2983.90454
30 46 -19125.3954
31 46 12.9173807
32 46 1260.95044
33 46 141.569425
34 46 -52643.2894
35 46 1598.05274
36 46 -10579.2924
37 46 981.355099
38 46 63751.3371
39 46 -5284.68796
40 46 -1017744.89
41 46 23807.5313
42 46 4186.36235
43 46 -4078.4707
44 46 -782530.417
45 46 -29285.2405
46 46 16975667.4
47 46 -298567.824
48 46 2059899.61
49 46 1069.19709
50 46 68850.1804
51 46 6339.6335
52 46 -1652704.79
53 46 65978.0096
54 46 -512686.851
55 46 2610.19987
56 46 44222.1534
57 46 7240.88712
58 46 -1159116.26
59 46 154520.226
60 46 -370738.815
61 46 1308.55536
62 46 29874.3335
63 46 5238.04847
64 46 -684151.266
65 46 57712.5174
66 46 -169173.695
67 46 994.439273
68 46 31442.9846
69 46 5405.22653
70 46 -625241.848
71 46 25492.522
72 46 -41528.1661
13 47 -645.685392
14 47 0.337148092
15 47 -387.639712
16 47 1882.81258
17 47 -39811.7632
18 47 -3170.79752
19 47 -559.563775
20 47 7.0176663
21 47 -235.432261
22 47 922.527714
23 47 -30956.2314
24 47 -3115.34872
25 47 -1345.05131
26 47 8.00063648
27 47 -527.310844
28 47 1542.02431
29 47 -64240.4338
30 47 -5474.64513
31 47 -1285.79316
32 47 16.9537023
33 47 -281.233936
34 47 290.325157
35 47 -56445.1836
36 47 -5664.21237
37 47 -70790.8799
38 47 -2.85566331
39 47 4335.4308
40 47 9975.3835
41 47 -1212909.19
42 47 38715.4131
43 47 873175.438
44 47 4077.71255
45 47 145207.314
46 47 -298567.824
47 47 22793230.4
48 47 1418772.01
49 47 -86571.1213
50 47 564.655911
51 47 -39267.5148
52 47 23017.7974
53 47 -2478648.81
54 47 -169882.275
55 47 -50260.9915
56 47 -478.142041
57 47 -21856.7952
58 47 90422.2447
59 47 -1617770.59
60 47 -167290.003
61 47 -31752.1608
62 47 621.542909
63 47 -9550.3116
64 47 8606.38878
65 47 -843317.616
66 47 -105985.246
67 47 -31532.1876
68 47 1368.90043
69 47 -2315.71702
70 47 -22833.2434
71 47 -648502.561
72 47 -100199.274
13 48 -73.406184
14 48 -123.008279
15 48 -57.3636242
16 48 5855.81367
17 48 -4887.83773
18 48 2987.80931
19 48 -63.8015361
20 48 -113.863585
21 48 -39.8260268
22 48 5560.88527
23 48 -3787.09624
24 48 1918.8289
25 48 -143.372867
26 48 -21.0679158
27 48 -58.1902193
28 48 2177.96794
29 48 -6804.14845
30 48 -1223.2448
31 48 -136.968486
32 48 -27.8549025
33 48 -33.3640151
34 48 2222.01853
35 48 -5933.92474
36 48 -1501.87489
37 48 7897.4764
38 48 -6614.83655
39 48 509.563184
40 48 109538.16
41 48 81362.2364
42 48 -102425.864
43 48 24367.2881
44 48 -130402.8
45 48 0.758142496
46 48 2059899.61
47 48 1418772.01
48 48 3844443.12
49 48 -4497.87487
50 48 22399.1657
51 48 -39.8734094
52 48 -417153.865
53 48 -148128.933
54 48 -341123.575
55 48 -4621.98204
56 48 10160.8613
57 48 -345.084468
58 48 -229024.644
59 48 -138690.112
60 48 -192233.875
61 48 -3057.19384
62 48 2726.2903
63 48 -415.918803
64 48 -50372.0837
65 48 -71384.0925
66 48 -70711.8696
67 48 -3532.12494
68 48 -53.8041425
69 48 -297.65825
70 48 7229.8795
71 48 -70426.0381
72 48 -32185.3802
13 49 -18.3856738
14 49 -0.527560539
15 49 -11.0959449
16 49 78.2415994
17 49 -1135.20575
18 49 -75.6704165
19 49 -15.9234291
20 49 -0.298402704
21 49 -6.75605767
22 49 49.9519971
23 49 -882.035632
24 49 -78.77453
25 49 -44.8774514
26 49 -0.249943127
27 49 -18.4341244
28 49 78.8612354
29 49 -2136.8232
30 49 -174.649781
31 49 -42.6281916
32 49 0.0125921136
33 49 -10.1355024
34 49 38.7205812
35 49 -1859.96262
36 49 -183.89763
37 49 -210.388595
38 49 -2.7099312
39 49 -26.4100239
40 49 250.165257
41 49 -8078.60581
42 49 -1205.71203
43 49 -3002.22015
44 49 -28.343108
45 49 -1200.56245
46 49 1069.19709
47 49 -86571.1213
48 49 -4497.87487
49 49 56841.9797
50 49 -238.677799
51 49 12928.7566
52 49 -8677.51232
53 49 1331426.54
54 49 70568.5586
55 49 -6801.29543
56 49 75.2752812
57 49 -3577.10607
58 49 673.404813
59 49 -181928.059
60 49 -11552.273
61 49 -3251.52403
62 49 53.7148793
63 49 -1043.28424
64 49 1198.83422
65 49 -83371.7314
66 49 -8569.34267
67 49 -3811.00439
68 49 109.279311
69 49 -803.762706
70 49 -755.115184
71 49 -79242.0829
72 49 -8031.27694
13 50 -0.167811909
14 50 -16.0825597
15 50 -1.83831357
16 50 737.888514
17 50 -57.6288574
18 50 436.809624
19 50 -0.174986296
20 50 -14.9859713
21 50 -1.7705556
22 50 713.425134
23 50 -43.3345951
24 50 296.275008
25 50 -0.488226272
26 50 -42.5554045
27 50 -4.40912912
28 50 1747.29738
29 50 -88.0569199
30 50 666.396125
31 50 -0.188368459
32 50 -42.429219
33 50 -4.57295447
34 50 1751.21666
35 50 -47.1031257
36 50 379.911773
37 50 1.14332828
38 50 -213.170268
39 50 -33.0429588
40 50 8198.17993
41 50 -103.345432
42 50 959.606099
43 50 34.7626582
44 50 -2818.88952
45 50 -130.709818
46 50 68850.1804
47 50 564.655911
48 50 22399.1657
49 50 -238.677799
50 50 60916.7842
51 50 351.578296
52 50 -1179333.44
53 50 8633.17214
54 50 -294922.916
55 50 -106.726965
56 50 -6414.45065
57 50 -455.056616
58 50 130129.591
59 50 -4916.91909
60 50 51906.1092
61 50 -96.0131831
62 50 -3180.02874
63 50 -405.350346
64 50 69975.6765
65 50 -4798.80081
66 50 20534.4435
67 50 -102.380006
68 50 -3820.53982
69 50 -420.889525
70 50 71632.9324
71 50 -3427.268
72 50 14241.344
13 51 4.21616759
14 51 -1.94558232
15 51 2.32122985
16 51 76.8108891
17 51 254.247663
18 51 73.5869294
19 51 3.6477195
20 51 -1.85745062
21 51 1.32963302
22 51 80.1869819
23 51 197.731481
24 51 56.2387085
25 51 -1.0720895
26 51 -5.1990116
27 51 -2.1031411
28 51 219.003677
29 51 -48.6291898
30 51 81.6718681
31 51 -0.568672414
32 51 -5.19495451
33 51 -1.78790904
34 51 219.982312
35 51 -12.7015101
36 51 47.8290991
37 51 -16.6318909
38 51 -38.6652107
39 51 -10.5361199
40 51 1510.06351
41 51 -639.684617
42 51 81.074752
43 51 -1487.39225
44 51 -161.231719
45 51 -904.302304
46 51 6339.6335
47 51 -39267.5148
48 51 -39.8734094
49 51 12928.7566
50 51 351.578296
51 51 16201.076
52 51 -82346.054
53 51 378293.725
54 51 44.3401768
55 51 -2559.98241
56 51 -391.260273
57 51 -2303.43613
58 51 13456.6302
59 51 -65452.4897
60 51 771.084603
61 51 -483.458583
62 51 -287.126626
63 51 -404.024811
64 51 7441.1524
65 51 -15001.174
66 51 761.622159
67 51 -340.018701
68 51 -341.057191
69 51 -317.697488
70 51 7286.58942
71 51 -8517.39702
72 51 650.829106
13 52 -13.5624554
14 52 592.091694
15 52 55.8264692
16 52 -27107.8921
17 52 904.452552
18 52 -16178.1397
19 52 -10.6535841
20 52 551.92744
21 52 57.9906251
22 52 -26236.7757
23 52 649.60331
24 52 -11002.6334
25 52 15.1725846
26 52 1387.26524
27 52 148.607021
28 52 -57637.1686
29 52 2742.17743
30 52 -21163.7976
31 52 3.53056086
32 52 1387.85729
33 52 154.149792
34 52 -57875.8365
35 52 1285.51583
36 52 -11765.2564
37 52 50.7500479
38 52 6774.23353
39 52 1072.72637
40 52 -261356.431
41 52 6383.02079
42 52 -28978.8405
43 52 -405.71892
44 52 59889.3566
45 52 4981.65339
46 52 -1652704.79
47 52 23017.7974
48 52 -417153.865
49 52 -8677.51232
50 52 -1179333.44
51 52 -82346.054
52 52 30059980.7
53 52 -835843.766
54 52 6610375.35
55 52 4700.87089
56 52 153469.361
57 52 17152.7744
58 52 -3543075.44
59 52 261354.864
60 52 -1166504.64
61 52 4060.35787
62 52 94786.8708
63 52 13376.106
64 52 -2118020.07
65 52 182555.339
66 52 -607678.479
67 52 3857.23282
68 52 113287.153
69 52 13716.8295
70 52 -2166437.86
71 52 124885.949
72 52 -416168.387
13 53 -701.74792
14 53 -2.86829167
15 53 -421.646544
16 53 2194.60395
17 53 -43277.9844
18 53 -3358.08486
19 53 -607.736649
20 53 4.70274238
21 53 -256.031128
22 53 1140.83771
23 53 -33627.8094
24 53 -3325.65739
25 53 -1483.38666
26 53 -6.4222099
27 53 -585.796475
28 53 2309.67179
29 53 -70847.8045
30 53 -5764.925
31 53 -1417.51034
32 53 3.58521253
33 53 -314.33238
34 53 931.988363
35 53 -62202.698
36 53 -6071.25188
37 53 -6586.34028
38 53 -171.323946
39 53 -813.927259
40 53 10863.6539
41 53 -253954.242
42 53 -36855.2785
43 53 -80451.4742
44 53 -1091.31906
45 53 -29880.0822
46 53 65978.0096
47 53 -2478648.81
48 53 -148128.933
49 53 1331426.54
50 53 8633.17214
51 53 378293.725
52 53 -835843.766
53 53 39562720.2
54 53 2855911.53
55 53 -193838.862
56 53 -36.1173432
57 53 -93683.5389
58 53 133316.095
59 53 -5644796.09
60 53 -366787.996
61 53 -102482.605
62 53 516.105463
63 53 -34658.3427
64 53 66828.6795
65 53 -2698620.08
66 53 -258458.81
67 53 -116554.758
68 53 2506.54721
69 53 -25241.6335
70 53 -6693.02056
71 53 -2492366.91
72 53 -242645.796
13 54 -87.0735168
14 54 -136.840646
15 54 -67.0640782
16 54 6530.21717
17 54 -5771.22731
18 54 3297.2868
19 54 -75.6601972
20 54 -126.609989
21 54 -46.2754311
22 54 6193.98603
23 54 -4472.09637
24 54 2108.54584
25 54 -173.936345
26 54 -1.99058961
27 54 -68.7314256
28 54 1642.81965
29 54 -8216.90104
30 54 -1822.62464
31 54 -166.174203
32 54 -10.0679314
33 54 -38.3829302
34 54 1689.30692
35 54 -7173.86634
36 54 -1998.15859
37 54 -1157.16728
38 54 473.450813
39 54 -66.100056
40 54 -16175.2935
41 54 -43632.1603
42 54 -12015.1364
43 54 -4813.56077
44 54 23230.6866
45 54 60.7200866
46 54 -512686.851
47 54 -169882.275
48 54 -341123.575
49 54 70568.5586
50 54 -294922.916
51 54 44.3401768
52 54 6610375.35
53 54 2855911.53
54 54 5767727.01
55 54 -11573.574
56 54 46047.9829
57 54 -843.556089
58 54 -823599.823
59 54 -343223.725
60 54 -792821.036
61 54 -8380.4609
62 54 13085.4138
63 54 -998.439003
64 54 -264618.294
65 54 -196675.081
66 54 -244530.781
67 54 -10156.6561
68 54 9863.74768
69 54 -1017.25499
70 54 -171568.489
71 54 -207424.009
72 54 -182209.817
13 55 -21.7788838
14 55 -0.910011939
15 55 -13.1745829
16 55 105.753035
17 55 -1345.55437
18 55 -81.8783045
19 55 -18.8479819
20 55 -0.615967063
21 55 -8.02664794
22 55 71.6284085
23 55 -1044.62338
24 55 -88.0314374
25 55 -56.4540947
26 55 -1.08288903
27 55 -23.6057874
28 55 131.498516
29 55 -2686.18239
30 55 -205.987831
31 55 -53.5345762
32 55 -0.758763357
33 55 -13.1409
34 55 81.6904139
35 55 -2331.52404
36 55 -222.386669
37 55 -198.372761
38 55 -5.28525077
39 55 -28.9101047
40 55 348.844372
41 55 -7673.57406
42 55 -987.421102
43 55 -1471.8894
44 55 -47.1556209
45 55 -399.936589
46 55 2610.19987
47 55 -50260.9915
48 55 -4621.98204
49 55 -6801.29543
50 55 -106.726965
51 55 -2559.98241
52 55 4700.87089
53 55 -193838.862
54 55 -11573.574
55 55 129480.224
56 55 1014.06034
57 55 17050.5627
58 55 -4653.65394
59 55 2701791.37
60 55 76347.284
61 55 -19482.2399
62 55 202.315892
63 55 -643.088474
64 55 -814.889027
65 55 -390828.942
66 55 -12552.3625
67 55 -17864.7191
68 55 287.627905
69 55 1489.83408
70 55 -6064.46106
71 55 -370895.841
72 55 -13079.9764
13 56 0.0437009604
14 56 -19.1554522
15 56 -2.04331396
16 56 878.160671
17 56 -53.6211359
18 56 521.463461
19 56 -0.00626886226
20 56 -17.8537974
21 56 -2.02401923
22 56 849.497413
23 56 -40.4353778
24 56 354.047853
25 56 -0.00138746428
26 56 -53.3702224
27 56 -5.26740959
28 56 2180.62358
29 56 -82.1429002
30 56 846.73869
31 56 0.316092056
32 56 -53.1543757
33 56 -5.58506632
34 56 2184.86177
35 56 -36.0103277
36 56 488.487843
37 56 2.78053015
38 56 -198.853617
39 56 -26.9993688
40 56 7610.76343
41 56 -38.5452241
42 56 1031.86535
43 56 19.6828266
44 56 -1434.31311
45 56 -137.044162
46 56 44222.1534
47 56 -478.142041
48 56 10160.8613
49 56 75.2752812
50 56 -6414.45065
51 56 -391.260273
52 56 153469.361
53 56 -36.1173432
54 56 46047.9829
55 56 1014.06034
56 56 135164.005
57 56 -2893.05014
58 56 -2383573.48
59 56 4721.27865
60 56 -290119.219
61 56 -234.462611
62 56 -18926.6862
63 56 31.6080659
64 56 314206.765
65 56 -6693.63075
66 56 16972.4489
67 56 -276.447766
68 56 -17447.4516
69 56 -597.572099
70 56 283939.114
71 56 -4350.72733
72 56 -11836.9296
13 57 4.48505865
14 57 -2.49345757
15 57 2.42348243
16 57 101.140782
17 57 269.216684
18 57 89.8120976
19 57 3.87531036
20 57 -2.37177641
21 57 1.36748235
22 57 104.147567
23 57 209.173837
24 57 67.6494485
25 57 -4.71863308
26 57 -7.10657944
27 57 -4.21909794
28 57 302.47424
29 57 -221.388415
30 57 100.397862
31 57 -3.87576371
32 57 -7.07257576
33 57 -3.18742029
34 57 300.775557
35 57 -152.55276
36 57 53.7793762
37 57 -32.2052809
38 57 -35.1393546
39 57 -12.1716915
40 57 1381.20157
41 57 -1233.77863
42 57 21.7603366
43 57 -654.057807
44 57 -179.536482
45 57 -325.407903
46 57 7240.88712
47 57 -21856.7952
48 57 -345.084468
49 57 -3577.10607
50 57 -455.056616
51 57 -2303.43613
52 57 17152.7744
53 57 -93683.5389
54 57 -843.556089
55 57 17050.5627
56 57 -2893.05014
57 57 28500.3669
58 57 -101720.093
59 57 367522.642
60 57 -67.6247083
61 57 410.646449
62 57 -145.48265
63 57 -3276.00161
64 57 16930.2405
65 57 -10652.4388
66 57 576.154611
67 57 881.977389
68 57 -859.614866
69 57 -3924.29233
70 57 18716.8335
71 57 15446.1568
72 57 -310.558055
13 58 -22.294923
14 58 647.734216
15 58 56.5950165
16 58 -29633.4627
17 58 529.596614
18 58 -17735.0177
19 58 -17.8017292
20 58 603.941196
21 58 60.8618449
22 58 -28695.539
23 58 370.741941
24 58 -12072.203
25 58 10.6819678
26 58 1554.41915
27 58 164.752246
28 58 -64425.2272
29 58 2774.86135
30 58 -23874.402
31 58 -1.67872119
32 58 1554.30074
33 58 172.099232
34 58 -64685.5143
35 58 1195.35212
36 58 -13359.8113
37 58 75.7723116
38 58 5598.64192
39 58 795.280359
40 58 -215378.793
41 58 6703.18343
42 58 -26939.5559
43 58 1056.89395
44 58 34485.3461
45 58 4737.01131
46 58 -1159116.26
47 58 90422.2447
48 58 -229024.644
49 58 673.404813
50 58 130129.591
51 58 13456.6302
52 58 -3543075.44
53 58 133316.095
54 58 -823599.823
55 58 -4653.65394
56 58 -2383573.48
57 58 -101720.093
58 58 52525563.6
59 58 -550576.948
60 58 5364196.98
61 58 6428.18071
62 58 389970.962
63 58 18771.9613
64 58 -7214200.25
65 58 214648.559
66 58 -597786.642
67 58 6245.01594
68 58 414474.982
69 58 21915.5438
70 58 -6942517.05
71 58 102341.637
72 58 141912.61
13 59 -753.901356
14 59 -13.1915167
15 59 -454.075322
16 59 2821.25765
17 59 -46524.0982
18 59 -3332.54523
19 59 -652.402647
20 59 -4.25743464
21 59 -275.901887
22 59 1667.45449
23 59 -36120.2019
24 59 -3385.5235
25 59 -1678.32985
26 59 -40.615602
27 59 -676.211926
28 59 3990.88552
29 59 -80120.0301
30 59 -5937.86576
31 59 -1600.96915
32 59 -29.3160761
33 59 -368.331255
34 59 2449.98636
35 59 -70136.4793
36 59 -6495.38896
37 59 -5655.12651
38 59 -303.530006
39 59 -815.84892
40 59 15473.6359
41 59 -219950.481
42 59 -26933.1502
43 59 -43597.624
44 59 -2824.85478
45 59 -12672.5619
46 59 154520.226
47 59 -1617770.59
48 59 -138690.112
49 59 -181928.059
50 59 -4916.91909
51 59 -65452.4897
52 59 261354.864
53 59 -5644796.09
54 59 -343223.725
55 59 2701791.37
56 59 4721.27865
57 59 367522.642
58 59 -550576.948
59 59 71629077.8
60 59 3705452.23
61 59 -456625.196
62 59 2802.22473
63 59 -32999.453
64 59 23368.9407
65 59 -10558231.1
66 59 -453064.321
67 59 -477611.633
68 59 7975.30256
69 59 34680.8023
70 59 -166529.746
71 59 -10207158.7
72 59 -358454.738
13 60 -100.915586
14 60 -135.055998
15 60 -75.1821858
16 60 6489.08472
17 60 -6619.47815
18 60 3180.94555
19 60 -87.6359467
20 60 -124.799499
21 60 -51.1261621
22 60 6134.73296
23 60 -5130.89174
24 60 2008.94387
25 60 -210.454722
26 60 77.392052
27 60 -76.3824421
28 60 -1286.88651
29 60 -9810.74937
30 60 -3451.48488
31 60 -201.183377
32 60 67.3941294
33 60 -39.0412511
34 60 -1237.97658
35 60 -8596.33469
36 60 -3125.19595
37 60 -932.924314
38 60 816.397295
39 60 -16.4517314
40 60 -29166.5664
41 60 -35092.6838
42 60 -12236.0328
43 60 -4729.6553
44 60 12158.3758
45 60 279.458282
46 60 -370738.815
47 60 -167290.003
48 60 -192233.875
49 60 -11552.273
50 60 51906.1092
51 60 771.084603
52 60 -1166504.64
53 60 -366787.996
54 60 -792821.036
55 60 76347.284
56 60 -290119.219
57 60 -67.6247083
58 60 5364196.98
59 60 3705452.23
60 60 10903533.3
61 60 -11422.9576
62 60 -1124.43634
63 60 -676.460299
64 60 -127531.922
65 60 -367875.355
66 60 -1370402.91
67 60 -22466.7971
68 60 -12672.4332
69 60 580.252558
70 60 44771.0236
71 60 -481885.36
72 60 -1363547.82
13 61 -27.5458317
14 61 -1.38637635
15 61 -16.688584
16 61 144.549067
17 61 -1702.54301
18 61 -97.153773
19 61 -23.8176632
20 61 -0.993777917
21 61 -10.1674355
22 61 100.763419
23 61 -1320.54475
24 61 -106.971021
25 61 -78.6767891
26 61 -2.36808542
27 61 -33.6843943
28 61 219.004681
29 61 -3738.71759
30 61 -269.252905
31 61 -74.4641463
32 61 -1.93457561
33 61 -19.0554459
34 61 151.248611
35 61 -3233.54503
36 61 -296.973082
37 61 -196.966234
38 61 -6.56069514
39 61 -25.3059405
40 61 355.937293
41 61 -7589.42786
42 61 -866.61549
43 61 -910.751223
44 61 -32.4200994
45 61 -93.0443514
46 61 1308.55536
47 61 -31752.1608
48 61 -3057.19384
49 61 -3251.52403
50 61 -96.0131831
51 61 -483.458583
52 61 4060.35787
53 61 -102482.605
54 61 -8380.4609
55 61 -19482.2399
56 61 -234.462611
57 61 410.646449
58 61 6428.18071
59 61 -456625.196
60 61 -11422.9576
61 61 284139.811
62 61 182.869642
63 61 -417.932757
64 61 -11863.3112
65 61 4875418.93
66 61 8931.18064
67 61 -61245.2809
68 61 293.475302
69 61 7072.17574
70 61 -3716.70802
71 61 -1227633.91
72 61 -15217.4568
13 62 0.216097866
14 62 -24.4261367
15 62 -2.50924913
16 62 1119.31793
17 62 -58.4866509
18 62 665.731085
19 62 0.114430718
20 62 -22.7715681
21 62 -2.52984498
22 62 1083.21383
23 62 -44.7968456
24 62 452.22034
25 62 0.41251585
26 62 -73.8909951
27 62 -7.09447741
28 62 2998.11033
29 62 -95.6749774
30 62 1191.6974
31 62 0.768462895
32 62 -73.4678666
33 62 -7.61104566
34 62 3001.81319
35 62 -37.6213718
36 62 697.704831
37 62 4.55757206
38 62 -196.585018
39 62 -23.5480844
40 62 7488.54062
41 62 70.6160703
42 62 884.575856
43 62 23.9346168
44 62 -892.407421
45 62 -93.9072761
46 62 29874.3335
47 62 621.542909
48 62 2726.2903
49 62 53.7148793
50 62 -3180.02874
51 62 -287.126626
52 62 94786.8708
53 62 516.105463
54 62 13085.4138
55 62 202.315892
56 62 -18926.6862
57 62 -145.48265
58 62 389970.962
59 62 2802.22473
60 62 -1124.43634
61 62 182.869642
62 62 296450.26
63 62 -15274.7895
64 62 -4303806.91
65 62 12129.9765
66 62 -54710.4203
67 62 -343.88186
68 62 -57972.4145
69 62 -438.790407
70 62 920314.798
71 62 -7891.70864
72 62 -79549.3698
13 63 4.89184951
14 63 -3.75897996
15 63 2.53099697
16 63 157.969817
17 63 290.578729
18 63 126.240786
19 63 4.21789662
20 63 -3.55701547
21 63 1.37791889
22 63 159.771986
23 63 225.474767
24 63 92.9775466
25 63 -13.7769407
26 63 -11.9395605
27 63 -9.42064255
28 63 512.167766
29 63 -651.347283
30 63 149.312477
31 63 -12.1401162
32 63 -11.8265138
33 63 -6.62645345
34 63 503.791154
35 63 -503.212394
36 63 70.3579066
37 63 -44.1518676
38 63 -37.2698933
39 63 -13.5824053
40 63 1455.43471
41 63 -1662.29646
42 63 -26.1431523
43 63 -263.463617
44 63 -147.485275
45 63 -102.988814
46 63 5238.04847
47 63 -9550.3116
48 63 -415.918803
49 63 -1043.28424
50 63 -405.350346
51 63 -404.024811
52 63 13376.106
53 63 -34658.3427
54 63 -998.439003
55 63 -643.088474
56 63 31.6080659
57 63 -3276.00161
58 63 18771.9613
59 63 -32999.453
60 63 -676.460299
61 63 -417.932757
62 63 -15274.7895
63 63 57807.9144
64 63 -37145.7347
65 63 103517.45
66 63 -266.665208
67 63 1516.36757
68 63 -2213.96944
69 63 -14358.335
70 63 48476.2638
71 63 25476.471
72 63 -3404.61053
13 64 -29.9511426
14 64 736.879792
15 64 61.6294198
16 64 -33698.333
17 64 319.598485
18 64 -20198.2956
19 64 -23.7092045
20 64 687.21927
21 64 67.7965149
22 64 -32644.6436
23 64 230.751921
24 64 -13755.2159
25 64 29.7171559
26 64 1837.05155
27 64 203.855837
28 64 -75896.5182
29 64 4093.39541
30 64 -28399.1308
31 64 14.8081759
32 64 1835.32106
33 64 209.276158
34 64 -76166.3184
35 64 2137.68207
36 64 -15998.7205
37 64 65.9926096
38 64 4675.52184
39 64 596.621036
40 64 -179543.342
41 64 4518.9753
42 64 -18384.7114
43 64 149.325603
44 64 20217.2539
45 64 2402.62245
46 64 -684151.266
47 64 8606.38878
48 64 -50372.0837
49 64 1198.83422
50 64 69975.6765
51 64 7441.1524
52 64 -2118020.07
53 64 66828.6795
54 64 -264618.294
55 64 -814.889027
56 64 314206.765
57 64 16930.2405
58 64 -7214200.25
59 64 23368.9407
60 64 -127531.922
61 64 -11863.3112
62 64 -4303806.91
63 64 -37145.7347
64 64 77109621.3
65 64 -826120.922
66 64 2451077.19
67 64 9639.39668
68 64 1124853.07
69 64 30722.9188
70 64 -18566743.3
71 64 263479.806
72 64 1310484.19
13 65 -835.927623
14 65 -21.2938837
15 65 -504.200114
16 65 3433.90775
17 65 -51605.6319
18 65 -3513.71204
19 65 -722.728092
20 65 -10.7892385
21 65 -306.330164
22 65 2136.14429
23 65 -40027.3985
24 65 -3630.02559
25 65 -2035.19009
26 65 -95.4607359
27 65 -844.106536
28 65 6686.99046
29 65 -97058.7835
30 65 -6298.7685
31 65 -1936.86181
32 65 -81.6613146
33 65 -469.446468
34 65 4852.62632
35 65 -84614.524
36 65 -7253.84104
37 65 -4874.54733
38 65 -334.512299
39 65 -614.065881
40 65 14940.2252
41 65 -189230.976
42 65 -20167.3468
43 65 -23699.6977
44 65 -1531.31712
45 65 -3078.64787
46 65 57712.5174
47 65 -843317.616
48 65 -71384.0925
49 65 -83371.7314
50 65 -4798.80081
51 65 -15001.174
52 65 182555.339
53 65 -2698620.08
54 65 -196675.081
55 65 -390828.942
56 65 -6693.63075
57 65 -10652.4388
58 65 214648.559
59 65 -10558231.1
60 65 -367875.355
61 65 4875418.93
62 65 12129.9765
63 65 103517.45
64 65 -826120.922
65 65 107120751
66 65 3341337.07
67 65 -1388323.3
68 65 4127.33781
69 65 134203.938
70 65 19352.1175
71 65 -29171671.5
72 65 -386851.99
13 66 -131.726652
14 66 -133.40465
15 66 -93.5030542
16 66 6503.95181
17 66 -8514.42371
18 66 2985.14224
19 66 -114.273913
20 66 -122.927623
21 66 -62.1597798
22 66 6105.48123
23 66 -6601.10651
24 66 1830.13999
25 66 -295.535907
26 66 229.92425
27 66 -97.6952904
28 66 -6875.8992
29 66 -13577.6329
30 66 -6652.78204
31 66 -282.433936
32 66 216.210547
33 66 -44.112404
34 66 -6832.86384
35 66 -11930.8257
36 66 -5365.76253
37 66 -832.99651
38 66 922.040386
39 66 14.3054097
40 66 -32983.5412
41 66 -31230.403
42 66 -11390.5145
43 66 -3174.22482
44 66 5182.21854
45 66 278.205233
46 66 -169173.695
47 66 -105985.246
48 66 -70711.8696
49 66 -8569.34267
50 66 20534.4435
51 66 761.622159
52 66 -607678.479
53 66 -258458.81
54 66 -244530.781
55 66 -12552.3625
56 66 16972.4489
57 66 576.154611
58 66 -597786.642
59 66 -453064.321
60 66 -1370402.91
61 66 8931.18064
62 66 -54710.4203
63 66 -266.665208
64 66 2451077.19
65 66 3341337.07
66 66 16729409.9
67 66 -49789.2158
68 66 -19571.7662
69 66 4480.00112
70 66 -210509.723
71 66 -1145216.95
72 66 -3945638.32
13 67 -36.7944127
14 67 -2.14098106
15 67 -22.3230544
16 67 206.33835
17 67 -2275.02604
18 67 -121.905843
19 67 -31.7833399
20 67 -1.59003963
21 67 -13.5977524
22 67 147.019437
23 67 -1762.78569
24 67 -137.513141
25 67 -103.807016
26 67 -3.0289944
27 67 -44.3419123
28 67 287.893576
29 67 -4933.36451
30 67 -359.899855
31 67 -98.4608616
32 67 -2.51441009
33 67 -25.1210246
34 67 200.42461
35 67 -4276.35551
36 67 -396.390233
37 67 -261.314995
38 67 -8.30233402
39 67 -33.2873447
40 67 457.88579
41 67 -10063.909
42 67 -1156.1681
43 67 -938.123149
44 67 -30.9763334
45 67 1.44619421
46 67 994.439273
47 67 -31532.1876
48 67 -3532.12494
49 67 -3811.00439
50 67 -102.380006
51 67 -340.018701
52 67 3857.23282
53 67 -116554.758
54 67 -10156.6561
55 67 -17864.7191
56 67 -276.447766
57 67 881.977389
58 67 6245.01594
59 67 -477611.633
60 67 -22466.7971
61 67 -61245.2809
62 67 -343.88186
63 67 1516.36757
64 67 9639.39668
65 67 -1388323.3
66 67 -49789.2158
67 67 426738.968
68 67 -29.738666
69 67 -23954.987
70 67 -17877.861
71 67 7793705.05
72 67 20845.2801
13 68 0.868039739
14 68 -31.9465966
15 68 -2.93032602
16 68 1462.21894
17 68 -40.3977635
18 68 873.566689
19 68 0.631914865
20 68 -29.7941026
21 68 -3.10646054
22 68 1416.18394
23 68 -31.922168
24 68 594.245448
25 68 2.07357058
26 68 -98.1951903
27 68 -8.77524015
28 68 3977.10275
29 68 -55.1024519
30 68 1593.80216
31 68 2.38417243
32 68 -97.6312211
33 68 -9.76986531
34 68 3983.62899
35 68 8.72548175
36 68 937.960978
37 68 9.93447272
38 68 -262.659976
39 68 -31.0076205
40 68 9995.93356
41 68 241.682343
42 68 1201.92435
43 68 39.542412
44 68 -939.704049
45 68 -107.218147
46 68 31442.9846
47 68 1368.90043
48 68 -53.8041425
49 68 109.279311
50 68 -3820.53982
51 68 -341.057191
52 68 113287.153
53 68 2506.54721
54 68 9863.74768
55 68 287.627905
56 68 -17447.4516
57 68 -859.614866
58 68 414474.982
59 68 7975.30256
60 68 -12672.4332
61 68 293.475302
62 68 -57972.4145
63 68 -2213.96944
64 68 1124853.07
65 68 4127.33781
66 68 -19571.7662
67 68 -29.738666
68 68 463419.476
69 68 -10619.5858
70 68 -6885757.42
71 68 17450.5867
72 68 261939.295
13 69 9.91930564
14 69 -4.54510725
15 69 5.46460015
16 69 179.233854
17 69 598.258902
18 69 172.249656
19 69 8.54950912
20 69 -4.34696917
21 69 3.11712578
22 69 187.631891
23 69 463.456816
24 69 131.682823
25 69 -14.1768907
26 69 -15.0168927
27 69 -11.1577663
28 69 640.214014
29 69 -663.902778
30 69 203.665855
31 69 -12.1249998
32 69 -14.9129474
33 69 -8.17174782
34 69 633.901539
35 69 -486.95166
36 69 105.658048
37 69 -50.461076
38 69 -48.9669526
39 69 -17.6115688
40 69 1908.30583
41 69 -1878.81041
42 69 2.06688533
43 69 -75.7719024
44 69 -156.586374
45 69 -45.2058194
46 69 5405.22653
47 69 -2315.71702
48 69 -297.65825
49 69 -803.762706
50 69 -420.889525
51 69 -317.697488
52 69 13716.8295
53 69 -25241.6335
54 69 -1017.25499
55 69 1489.83408
56 69 -597.572099
57 69 -3924.29233
58 69 21915.5438
59 69 34680.8023
60 69 580.252558
61 69 7072.17574
62 69 -438.790407
63 69 -14358.335
64 69 30722.9188
65 69 134203.938
66 69 4480.00112
67 69 -23954.987
68 69 -10619.5858
69 69 110632.124
70 69 -54507.058
71 69 -315224.516
72 69 427.274307
13 70 -63.04477
14 70 838.743123
15 70 52.7649667
16 70 -38271.5357
17 70 -1421.47273
18 70 -23132.1986
19 70 -51.3544441
20 70 782.674618
21 70 66.9330058
22 70 -37124.3334
23 70 -1085.08605
24 70 -15795.3491
25 70 -15.4992389
26 70 2107.06378
27 70 215.15055
28 70 -86928.2665
29 70 2323.28271
30 70 -32824.1195
31 70 -29.0959895
32 70 2105.54237
33 70 230.854885
34 70 -87299.1076
35 70 420.124555
36 70 -18615.4272
37 70 -33.95464
38 70 5384.17552
39 70 676.965594
40 70 -206621.068
41 70 902.90689
42 70 -21719.5267
43 70 -571.490737
44 70 18420.3763
45 70 2254.7168
46 70 -625241.848
47 70 -22833.2434
48 70 7229.8795
49 70 -755.115184
50 70 71632.9324
51 70 7286.58942
52 70 -2166437.86
53 70 -6693.02056
54 70 -171568.489
55 70 -6064.46106
56 70 283939.114
57 70 18716.8335
58 70 -6942517.05
59 70 -166529.746
60 70 44771.0236
61 70 -3716.70802
62 70 920314.798
63 70 48476.2638
64 70 -18566743.3
65 70 19352.1175
66 70 -210509.723
67 70 -17877.861
68 70 -6885757.42
69 70 -54507.058
70 70 114113299
71 70 -1033726.97
72 70 886136.606
13 71 -1012.19107
14 71 -23.9459844
15 71 -610.317029
16 71 4073.71069
17 71 -62481.7766
18 71 -4304.62499
19 71 -874.210829
20 71 -11.1553415
21 71 -370.32193
22 71 2493.69837
23 71 -48412.8262
24 71 -4428.46177
25 71 -2343.93322
26 71 -94.274201
27 71 -958.927769
28 71 7061.35223
29 71 -111860.887
30 71 -7582.34671
31 71 -2238.62919
32 71 -79.227319
33 71 -530.228252
34 71 4968.07982
35 71 -97945.127
36 71 -8597.44497
37 71 -5575.49729
38 71 -348.272959
39 71 -681.130804
40 71 15701.9873
41 71 -216707.237
42 71 -23259.6251
43 71 -18907.0975
44 71 -835.66775
45 71 118.383989
46 71 25492.522
47 71 -648502.561
48 71 -70426.0381
49 71 -79242.0829
50 71 -3427.268
51 71 -8517.39702
52 71 124885.949
53 71 -2492366.91
54 71 -207424.009
55 71 -370895.841
56 71 -4350.72733
57 71 15446.1568
58 71 102341.637
59 71 -10207158.7
60 71 -481885.36
61 71 -1227633.91
62 71 -7891.70864
63 71 25476.471
64 71 263479.806
65 71 -29171671.5
66 71 -1145216.95
67 71 7793705.05
68 71 17450.5867
69 71 -315224.516
70 71 -1033726.97
71 71 163492447
72 71 3036339.8
13 72 -145.279646
14 72 -226.780223
15 72 -111.728696
16 72 10825.1236
17 72 -9624.61484
18 72 5459.67323
19 72 -126.298355
20 72 -209.829017
21 72 -77.0748564
22 72 10267.2472
23 72 -7461.78806
24 72 3489.6364
25 72 -328.567586
26 72 182.180407
27 72 -116.504937
28 72 -4134.51573
29 72 -15166.6645
30 72 -6675.9721
31 72 -313.369973
32 72 163.635037
33 72 -57.8711424
34 72 -3998.61591
35 72 -13249.6545
36 72 -5787.72308
37 72 -955.111651
38 72 911.28909
39 72 -2.37222324
40 72 -31836.5372
41 72 -35726.3648
42 72 -13171.2824
43 72 -2990.76001
44 72 1364.91874
45 72 176.354137
46 72 -41528.1661
47 72 -100199.274
48 72 -32185.3802
49 72 -8031.27694
50 72 14241.344
51 72 650.829106
52 72 -416168.387
53 72 -242645.796
54 72 -182209.817
55 72 -13079.9764
56 72 -11836.9296
57 72 -310.558055
58 72 141912.61
59 72 -358454.738
60 72 -1363547.82
61 72 -15217.4568
62 72 -79549.3698
63 72 -3404.61053
64 72 1310484.19
65 72 -386851.99
66 72 -3945638.32
67 72 20845.2801
68 72 261939.295
69 72 427.274307
70 72 886136.606
71 72 3036339.8
72 72 30223365.4
